0 3
0 4
0 6
0 8
0 9
0 13
0 16
0 21
0 25
0 26
0 27
0 31
0 33
0 36
0 38
0 41
0 42
0 44
0 45
0 47
0 49
0 118
0 224
1 4
1 5
1 6
1 9
1 18
1 20
1 22
1 23
1 24
1 27
1 28
1 36
1 38
1 45
1 272
2 3
2 5
2 8
2 10
2 11
2 13
2 15
2 16
2 18
2 23
2 27
2 28
2 30
2 31
2 33
2 34
2 35
2 38
2 39
2 40
2 41
2 42
2 44
2 45
2 47
2 48
2 334
3 4
3 5
3 9
3 12
3 15
3 16
3 18
3 19
3 20
3 21
3 24
3 25
3 27
3 29
3 31
3 32
3 33
3 34
3 36
3 37
3 38
3 43
3 44
3 46
3 47
3 48
3 49
3 101
3 467
4 6
4 9
4 10
4 12
4 14
4 15
4 16
4 17
4 19
4 23
4 24
4 25
4 29
4 32
4 35
4 37
4 38
4 40
4 43
4 44
4 47
4 49
4 55
5 7
5 8
5 9
5 10
5 13
5 16
5 18
5 19
5 20
5 26
5 33
5 35
5 37
5 38
5 39
5 42
5 44
5 45
5 47
5 48
5 252
5 433
6 7
6 8
6 9
6 10
6 11
6 13
6 14
6 15
6 16
6 17
6 19
6 22
6 23
6 25
6 26
6 31
6 34
6 35
6 37
6 38
6 39
6 41
6 42
6 45
6 46
6 48
7 8
7 9
7 10
7 14
7 16
7 17
7 18
7 19
7 21
7 22
7 23
7 24
7 26
7 29
7 30
7 33
7 35
7 36
7 37
7 39
7 41
7 42
7 46
7 47
7 48
8 13
8 14
8 16
8 17
8 18
8 19
8 21
8 22
8 23
8 36
8 40
8 42
8 47
8 48
8 472
9 10
9 11
9 14
9 15
9 17
9 19
9 20
9 22
9 23
9 24
9 25
9 29
9 31
9 33
9 34
9 35
9 36
9 37
9 40
9 42
9 43
9 45
9 48
9 189
9 315
10 11
10 12
10 16
10 25
10 27
10 29
10 31
10 32
10 34
10 39
10 40
10 45
10 46
10 47
10 48
10 441
11 14
11 15
11 18
11 19
11 21
11 25
11 26
11 27
11 28
11 29
11 30
11 33
11 35
11 36
11 39
11 40
11 41
11 42
11 45
11 46
11 47
11 49
12 14
12 15
12 16
12 20
12 22
12 24
12 28
12 29
12 31
12 32
12 33
12 34
12 35
12 36
12 37
12 38
12 41
12 42
12 44
12 45
12 46
12 48
12 49
13 14
13 16
13 17
13 18
13 19
13 22
13 26
13 27
13 29
13 30
13 31
13 33
13 34
13 36
13 37
13 38
13 41
13 42
13 46
13 48
13 360
14 16
14 18
14 20
14 22
14 23
14 26
14 27
14 28
14 29
14 33
14 35
14 36
14 38
14 40
14 41
14 42
14 47
14 49
15 18
15 19
15 21
15 23
15 25
15 27
15 28
15 29
15 30
15 32
15 34
15 35
15 37
15 39
15 40
15 42
15 44
15 49
16 17
16 23
16 25
16 26
16 27
16 28
16 29
16 30
16 32
16 33
16 36
16 38
16 40
16 42
16 43
16 44
16 47
16 48
16 49
17 18
17 19
17 20
17 22
17 27
17 29
17 30
17 38
17 40
17 41
17 42
17 43
17 44
17 46
17 61
18 19
18 21
18 22
18 23
18 26
18 27
18 28
18 29
18 30
18 31
18 32
18 34
18 35
18 38
18 40
18 41
18 43
18 45
18 46
18 48
18 390
18 464
19 21
19 22
19 23
19 24
19 26
19 28
19 29
19 30
19 33
19 34
19 35
19 36
19 39
19 40
19 42
19 44
19 45
19 46
19 49
19 197
20 21
20 22
20 24
20 26
20 27
20 33
20 35
20 37
20 41
20 43
20 46
20 48
20 49
20 192
21 24
21 26
21 27
21 28
21 31
21 37
21 41
21 45
21 48
21 49
21 401
22 23
22 24
22 27
22 29
22 30
22 32
22 37
22 38
22 39
22 42
22 43
22 46
22 48
22 49
22 355
23 26
23 27
23 29
23 30
23 31
23 33
23 34
23 36
23 38
23 39
23 40
23 41
23 42
23 45
23 46
23 47
24 26
24 27
24 29
24 30
24 31
24 32
24 36
24 37
24 40
24 41
24 43
24 46
24 47
24 117
25 27
25 28
25 30
25 33
25 35
25 36
25 37
25 38
25 39
25 40
25 42
25 43
25 44
25 45
25 46
26 29
26 31
26 33
26 34
26 35
26 37
26 41
26 43
26 45
26 48
26 156
27 28
27 34
27 37
27 39
27 43
27 45
27 49
27 152
27 419
28 29
28 30
28 31
28 34
28 39
28 41
28 43
28 44
28 46
28 47
28 268
29 32
29 33
29 34
29 41
29 46
29 57
29 86
29 255
30 31
30 34
30 37
30 38
30 44
30 46
30 48
30 419
31 33
31 34
31 36
31 41
31 46
32 33
32 34
32 35
32 36
32 38
32 41
32 43
32 44
32 46
32 48
32 49
32 89
33 34
33 36
33 38
33 39
33 40
33 41
33 43
33 47
34 36
34 39
34 40
34 41
34 42
34 43
34 44
34 47
34 49
34 104
34 306
35 40
35 42
35 45
35 46
35 48
35 49
35 243
36 39
36 42
36 45
36 48
36 435
37 38
37 39
37 40
37 41
37 42
37 44
37 48
38 39
38 40
38 41
38 42
38 47
38 48
38 49
39 41
39 43
39 44
39 45
39 46
39 47
39 48
39 340
40 42
40 44
40 45
40 46
40 179
40 321
40 399
40 421
40 461
41 44
41 45
41 47
41 48
41 49
41 433
41 434
42 43
42 44
42 45
42 48
42 49
42 73
42 215
42 426
43 46
43 47
43 48
43 68
43 137
43 241
43 242
44 47
44 49
44 175
44 253
45 47
45 49
46 47
46 79
46 99
46 356
47 48
47 49
47 347
47 499
48 49
48 271
49 399
49 361
49 414
49 477
49 490
50 52
50 54
50 55
50 57
50 61
50 62
50 63
50 66
50 69
50 74
50 76
50 78
50 80
50 81
50 83
50 85
50 86
50 88
50 89
50 90
50 91
50 97
50 98
50 99
51 54
51 58
51 59
51 62
51 65
51 67
51 72
51 75
51 82
51 83
51 90
51 93
51 96
51 98
51 236
52 54
52 55
52 56
52 58
52 59
52 64
52 67
52 73
52 75
52 76
52 77
52 78
52 83
52 85
52 87
52 88
52 89
52 91
52 93
52 94
52 96
52 99
52 351
53 54
53 55
53 56
53 59
53 60
53 61
53 62
53 64
53 67
53 69
53 73
53 78
53 79
53 80
53 81
53 83
53 84
53 85
53 88
53 89
53 91
53 92
53 93
53 95
53 98
53 154
53 353
53 412
53 441
54 55
54 56
54 57
54 59
54 61
54 63
54 65
54 66
54 67
54 71
54 72
54 73
54 74
54 75
54 76
54 78
54 79
54 80
54 81
54 89
54 90
54 92
54 93
54 95
54 99
54 338
55 56
55 57
55 58
55 59
55 61
55 62
55 63
55 64
55 65
55 66
55 69
55 71
55 72
55 75
55 76
55 77
55 79
55 81
55 82
55 85
55 92
55 95
55 99
55 306
56 59
56 61
56 62
56 64
56 66
56 67
56 68
56 69
56 70
56 72
56 74
56 75
56 76
56 78
56 80
56 81
56 83
56 84
56 85
56 86
56 87
56 88
56 94
56 95
56 99
57 58
57 62
57 64
57 65
57 66
57 74
57 78
57 83
57 84
57 85
57 89
57 90
57 91
57 92
57 94
57 98
57 454
58 61
58 63
58 65
58 66
58 67
58 70
58 71
58 75
58 76
58 80
58 81
58 85
58 86
58 87
58 89
58 91
58 92
58 94
58 96
58 97
58 98
58 460
59 60
59 63
59 65
59 68
59 69
59 71
59 73
59 74
59 76
59 78
59 79
59 80
59 83
59 85
59 86
59 88
59 89
59 94
59 95
59 96
59 97
59 98
59 99
60 61
60 63
60 66
60 68
60 69
60 70
60 72
60 73
60 76
60 78
60 83
60 86
60 92
60 95
60 96
60 98
60 106
60 215
61 63
61 66
61 69
61 71
61 74
61 76
61 77
61 81
61 82
61 83
61 85
61 86
61 89
61 90
61 91
61 93
61 96
61 99
61 420
62 65
62 69
62 72
62 74
62 75
62 77
62 78
62 79
62 80
62 82
62 84
62 85
62 86
62 90
62 93
62 94
62 95
62 96
62 97
62 99
62 196
63 66
63 67
63 68
63 69
63 70
63 72
63 73
63 74
63 76
63 79
63 83
63 84
63 86
63 93
63 94
63 96
63 98
63 99
63 228
63 406
64 65
64 66
64 68
64 72
64 73
64 74
64 75
64 76
64 79
64 80
64 81
64 82
64 85
64 86
64 87
64 90
64 93
64 94
64 96
64 465
65 66
65 67
65 70
65 71
65 72
65 73
65 74
65 75
65 78
65 80
65 87
65 88
65 97
65 98
65 99
65 195
65 269
66 67
66 69
66 72
66 73
66 74
66 75
66 76
66 78
66 81
66 82
66 84
66 86
66 88
66 92
66 94
66 95
66 96
66 97
66 180
67 70
67 72
67 73
67 75
67 76
67 77
67 85
67 87
67 91
67 92
67 97
67 98
67 308
67 499
68 70
68 73
68 75
68 77
68 78
68 79
68 82
68 83
68 89
68 93
68 95
68 97
68 146
68 360
68 454
69 72
69 73
69 74
69 76
69 77
69 78
69 81
69 83
69 84
69 87
69 88
69 90
69 92
69 95
69 99
69 142
69 222
70 73
70 75
70 76
70 80
70 81
70 82
70 83
70 85
70 87
70 88
70 89
70 94
70 95
70 97
70 98
71 72
71 73
71 74
71 75
71 76
71 78
71 79
71 80
71 81
71 82
71 83
71 84
71 85
71 89
71 90
71 91
71 92
71 97
71 134
71 296
72 73
72 77
72 78
72 80
72 81
72 83
72 85
72 86
72 87
72 88
72 92
72 93
72 94
72 96
72 97
72 98
72 241
72 454
73 75
73 77
73 84
73 85
73 89
73 90
73 91
73 93
73 99
74 75
74 82
74 83
74 84
74 85
74 91
74 92
74 94
74 95
74 185
75 76
75 78
75 83
75 84
75 85
75 86
75 88
75 89
75 91
75 94
75 96
75 99
76 77
76 81
76 83
76 84
76 89
76 92
76 93
76 98
76 234
77 80
77 83
77 85
77 89
77 91
77 92
77 98
77 99
77 130
77 410
77 475
78 81
78 82
78 83
78 84
78 85
78 87
78 88
78 92
78 94
78 96
78 97
78 99
79 86
79 87
79 88
79 90
79 91
79 92
79 93
79 94
79 95
79 96
79 97
79 99
80 84
80 85
80 86
80 89
80 91
80 92
80 95
80 99
80 412
81 82
81 86
81 87
81 88
81 89
81 91
81 94
81 95
81 98
81 99
81 104
81 112
81 177
81 209
81 260
82 86
82 87
82 88
82 89
82 91
82 94
82 95
82 96
82 98
83 86
83 87
83 89
83 90
83 91
83 94
83 95
83 97
84 86
84 87
84 89
84 92
84 94
84 95
84 96
84 97
84 129
85 86
85 87
85 92
85 93
85 94
85 97
85 98
86 87
86 88
86 89
86 93
86 95
86 97
86 99
86 144
86 258
87 90
87 92
87 93
87 94
87 95
87 99
87 150
88 89
88 90
88 92
88 93
88 95
89 90
89 91
89 92
89 93
89 95
89 96
89 97
89 139
89 144
89 121
89 436
90 92
90 93
90 97
91 98
91 99
91 266
91 430
92 95
92 97
92 395
92 412
93 95
93 96
93 97
93 98
93 175
93 235
93 476
93 494
94 98
95 96
95 97
95 99
95 293
95 331
96 97
96 98
96 99
96 176
97 442
98 99
98 135
98 465
128 130
128 132
128 133
128 136
128 140
128 141
128 142
128 144
128 145
128 146
128 148
128 101
128 102
128 103
128 105
128 106
128 109
128 112
128 115
128 116
128 117
128 119
128 123
128 124
128 125
128 127
129 130
129 131
129 132
129 135
129 136
129 141
129 143
129 148
129 149
129 100
129 103
129 104
129 105
129 109
129 110
129 113
129 118
129 119
129 120
129 122
129 123
129 125
129 269
130 134
130 135
130 136
130 137
130 138
130 141
130 146
130 149
130 100
130 101
130 103
130 107
130 113
130 115
130 123
130 124
130 125
130 292
131 132
131 133
131 134
131 135
131 136
131 137
131 138
131 139
131 141
131 143
131 144
131 145
131 147
131 149
131 103
131 104
131 105
131 106
131 108
131 109
131 111
131 112
131 114
131 116
131 117
131 119
131 120
131 121
131 124
131 446
132 133
132 135
132 136
132 138
132 139
132 140
132 141
132 142
132 145
132 146
132 147
132 101
132 102
132 104
132 107
132 108
132 110
132 114
132 115
132 118
132 120
132 122
132 127
132 256
133 137
133 139
133 140
133 142
133 143
133 144
133 145
133 146
133 147
133 101
133 102
133 103
133 104
133 105
133 109
133 112
133 114
133 116
133 117
133 118
133 119
133 121
133 360
133 493
134 135
134 136
134 137
134 139
134 140
134 143
134 148
134 100
134 105
134 109
134 110
134 113
134 116
134 117
134 119
134 121
134 123
135 136
135 138
135 140
135 142
135 144
135 145
135 146
135 106
135 108
135 110
135 111
135 112
135 113
135 118
135 119
135 122
135 125
135 126
135 127
136 137
136 139
136 141
136 142
136 143
136 144
136 145
136 146
136 148
136 102
136 107
136 108
136 111
136 112
136 115
136 116
136 117
136 120
136 121
136 123
136 124
136 125
136 126
136 127
136 228
136 485
137 139
137 140
137 142
137 143
137 145
137 148
137 103
137 105
137 108
137 111
137 113
137 114
137 115
137 117
137 121
137 122
137 123
137 124
137 125
137 126
137 172
137 184
138 140
138 143
138 146
138 147
138 148
138 149
138 100
138 101
138 104
138 108
138 109
138 110
138 111
138 112
138 114
138 115
138 119
138 120
138 122
138 123
138 124
138 125
138 126
138 127
138 451
139 141
139 142
139 144
139 147
139 100
139 102
139 103
139 107
139 108
139 109
139 110
139 113
139 114
139 118
139 119
139 121
139 123
140 144
140 146
140 147
140 149
140 102
140 106
140 110
140 111
140 112
140 113
140 115
140 117
140 118
140 120
140 121
140 122
140 330
140 392
141 142
141 145
141 146
141 149
141 100
141 103
141 104
141 105
141 112
141 114
141 115
141 116
141 119
141 122
141 124
141 125
141 127
141 232
141 392
141 401
142 100
142 101
142 105
142 106
142 107
142 108
142 113
142 115
142 119
142 120
142 121
142 123
142 124
142 125
142 126
142 354
143 144
143 146
143 147
143 148
143 100
143 102
143 104
143 105
143 106
143 110
143 112
143 114
143 116
143 118
143 120
143 123
143 125
143 126
143 254
144 145
144 146
144 148
144 100
144 102
144 105
144 106
144 107
144 108
144 110
144 111
144 113
144 114
144 115
144 117
144 120
144 122
144 124
144 125
144 291
145 147
145 148
145 149
145 104
145 105
145 106
145 107
145 109
145 110
145 114
145 120
145 126
145 127
145 161
145 243
146 147
146 148
146 101
146 103
146 105
146 106
146 109
146 110
146 114
146 115
146 121
146 122
146 124
146 126
146 480
147 149
147 100
147 101
147 105
147 107
147 108
147 110
147 113
147 115
147 119
147 122
147 125
147 341
148 149
148 100
148 102
148 105
148 106
148 107
148 108
148 112
148 117
148 118
148 121
149 100
149 104
149 105
149 107
149 108
149 109
149 110
149 111
149 116
149 117
149 126
149 127
100 101
100 104
100 105
100 107
100 112
100 113
100 114
100 115
100 117
100 121
100 122
100 123
100 124
100 389
101 102
101 104
101 106
101 107
101 115
101 119
101 120
101 121
101 122
101 123
101 124
101 126
101 127
102 103
102 105
102 106
102 107
102 112
102 115
102 116
102 118
102 124
102 125
102 126
102 372
103 105
103 106
103 107
103 108
103 114
103 116
103 117
103 118
103 119
103 126
103 259
104 106
104 107
104 108
104 111
104 112
104 113
104 114
104 116
104 117
104 119
104 120
104 123
104 125
104 126
104 127
104 201
104 228
104 430
105 107
105 108
105 109
105 112
105 114
105 116
105 119
105 120
105 121
105 126
106 107
106 108
106 109
106 111
106 113
106 116
106 118
106 119
106 121
106 122
106 123
106 125
106 127
106 223
107 108
107 109
107 110
107 111
107 118
107 121
107 123
107 127
107 339
108 109
108 111
108 112
108 116
108 118
108 119
108 122
108 126
108 335
108 388
109 113
109 115
109 116
109 118
109 120
109 122
109 127
109 233
110 111
110 113
110 116
110 117
110 118
110 119
110 120
110 121
110 122
110 123
110 125
110 126
111 113
111 115
111 117
111 118
111 119
111 121
111 123
111 124
111 126
112 115
112 118
112 119
112 121
112 122
112 124
112 126
112 264
113 115
113 119
113 120
113 126
114 117
114 118
114 119
114 120
114 121
114 122
114 127
114 190
114 497
115 116
115 117
115 123
116 118
116 121
117 119
117 120
117 122
117 177
117 362
118 121
118 127
119 120
119 121
119 124
119 125
119 497
120 122
120 124
120 125
120 126
120 127
120 386
121 126
121 127
122 123
122 124
122 125
122 126
123 126
123 127
124 126
124 127
125 126
125 398
126 127
127 218
127 372
127 467
150 151
150 153
150 156
150 157
150 159
150 162
150 165
150 169
150 170
150 171
150 172
150 177
150 178
150 182
150 184
150 186
150 190
150 191
150 193
150 194
150 195
150 198
151 152
151 154
151 157
151 158
151 159
151 163
151 169
151 172
151 173
151 174
151 175
151 176
151 177
151 178
151 179
151 181
151 182
151 183
151 185
151 188
151 189
151 190
151 191
151 195
151 196
151 197
151 198
151 398
151 456
152 157
152 159
152 162
152 165
152 166
152 167
152 168
152 169
152 170
152 172
152 174
152 176
152 177
152 178
152 181
152 184
152 186
152 188
152 189
152 193
152 194
152 197
152 198
153 158
153 162
153 165
153 167
153 169
153 171
153 173
153 174
153 175
153 177
153 182
153 184
153 187
153 188
153 190
153 191
153 192
153 193
153 194
153 195
153 198
153 199
153 444
154 156
154 157
154 158
154 159
154 161
154 162
154 163
154 166
154 167
154 170
154 171
154 172
154 173
154 174
154 177
154 178
154 186
154 187
154 188
154 189
154 190
154 196
154 199
154 267
154 358
155 157
155 159
155 160
155 164
155 165
155 167
155 168
155 169
155 172
155 173
155 176
155 178
155 180
155 182
155 185
155 187
155 192
155 193
155 194
155 196
155 197
155 198
155 199
155 367
155 428
156 157
156 158
156 159
156 161
156 164
156 165
156 166
156 167
156 168
156 169
156 171
156 172
156 174
156 175
156 177
156 178
156 179
156 180
156 181
156 183
156 184
156 189
156 190
156 191
156 192
156 194
156 197
156 199
157 158
157 161
157 162
157 164
157 166
157 168
157 171
157 172
157 173
157 175
157 178
157 179
157 181
157 182
157 183
157 189
157 194
157 196
157 197
157 198
157 199
157 208
157 236
158 159
158 160
158 161
158 163
158 164
158 166
158 167
158 168
158 169
158 171
158 172
158 175
158 177
158 178
158 183
158 187
158 188
158 193
158 197
158 199
158 248
159 162
159 164
159 165
159 166
159 171
159 172
159 173
159 175
159 176
159 179
159 181
159 184
159 190
159 191
159 192
159 195
159 196
159 197
159 199
159 379
160 164
160 165
160 166
160 169
160 171
160 172
160 173
160 175
160 177
160 179
160 180
160 182
160 183
160 185
160 189
160 191
160 192
160 193
160 195
160 197
160 199
160 229
161 162
161 163
161 164
161 165
161 175
161 176
161 178
161 186
161 187
161 188
161 189
161 190
161 191
161 193
161 194
161 199
162 165
162 166
162 171
162 174
162 175
162 176
162 177
162 181
162 182
162 183
162 184
162 185
162 186
162 187
162 192
162 198
162 199
163 164
163 165
163 167
163 168
163 171
163 172
163 173
163 177
163 179
163 184
163 187
163 192
163 195
163 196
163 197
163 198
163 199
163 422
163 483
164 165
164 166
164 167
164 169
164 170
164 171
164 172
164 174
164 175
164 176
164 177
164 178
164 179
164 180
164 181
164 183
164 191
164 192
164 193
164 194
164 195
164 196
164 197
164 199
165 171
165 172
165 175
165 177
165 179
165 180
165 183
165 186
165 188
165 189
165 190
165 193
165 194
165 195
165 198
165 199
165 226
165 232
166 168
166 170
166 173
166 174
166 175
166 177
166 178
166 179
166 180
166 185
166 186
166 189
166 190
166 191
166 192
166 195
166 196
166 197
167 168
167 170
167 171
167 173
167 174
167 181
167 183
167 184
167 187
167 188
167 190
167 191
167 194
167 195
167 197
167 199
168 170
168 171
168 172
168 176
168 180
168 181
168 182
168 184
168 186
168 187
168 188
168 191
168 192
168 193
168 196
168 296
169 175
169 177
169 178
169 179
169 180
169 181
169 185
169 187
169 189
169 190
169 192
169 193
169 197
169 199
169 219
169 412
170 171
170 172
170 174
170 178
170 179
170 180
170 182
170 183
170 188
170 189
170 190
170 191
170 194
170 195
170 198
170 210
170 222
170 265
170 288
171 172
171 173
171 174
171 175
171 177
171 178
171 181
171 185
171 186
171 187
171 194
171 196
171 335
172 176
172 179
172 180
172 181
172 183
172 184
172 185
172 187
172 191
172 192
172 193
172 194
172 195
172 197
172 198
173 176
173 177
173 178
173 179
173 180
173 183
173 184
173 185
173 186
173 187
173 188
173 190
173 191
173 195
173 196
173 198
173 246
173 322
174 175
174 176
174 180
174 181
174 182
174 183
174 184
174 188
174 189
174 192
174 194
174 195
174 197
174 286
175 177
175 180
175 181
175 182
175 188
175 189
175 190
175 192
175 193
175 199
175 315
176 177
176 178
176 180
176 183
176 187
176 190
176 191
176 194
176 195
176 196
176 197
176 346
176 452
177 178
177 181
177 182
177 193
177 197
177 198
177 225
177 238
178 179
178 180
178 185
178 186
178 187
178 189
178 191
178 195
178 197
178 198
178 199
179 181
179 188
179 189
179 190
179 191
179 192
179 194
179 195
179 199
179 337
180 182
180 184
180 186
180 188
180 191
180 197
180 198
180 199
180 429
181 183
181 184
181 186
181 187
181 188
181 189
181 191
181 192
181 195
181 196
181 197
181 199
182 183
182 184
182 188
182 189
182 190
182 192
182 193
182 196
182 197
182 299
183 184
183 187
183 189
183 191
183 192
183 194
183 196
183 197
183 198
183 285
184 185
184 186
184 187
184 189
184 194
184 195
184 199
185 186
185 192
185 193
185 196
185 198
185 199
185 430
186 188
186 189
186 190
186 194
186 196
186 197
186 198
186 482
187 188
187 189
187 190
187 192
187 194
187 197
187 417
188 189
188 190
188 198
188 199
188 485
189 190
189 192
189 194
189 195
189 196
189 198
189 398
189 376
190 193
190 196
190 197
190 198
191 192
191 195
191 198
191 199
191 319
191 464
192 197
192 199
192 336
192 471
193 195
193 197
193 199
193 370
194 196
195 197
196 199
197 198
198 199
199 263
199 396
200 202
200 203
200 204
200 205
200 208
200 209
200 211
200 215
200 217
200 218
200 221
200 225
200 226
200 227
200 229
200 230
200 232
200 233
200 235
200 236
200 239
200 240
200 241
200 242
200 243
200 245
200 246
200 248
200 383
201 202
201 204
201 205
201 206
201 208
201 209
201 210
201 212
201 214
201 215
201 216
201 220
201 222
201 223
201 224
201 226
201 228
201 230
201 231
201 234
201 235
201 238
201 239
201 247
201 406
201 449
202 203
202 204
202 205
202 210
202 215
202 218
202 222
202 223
202 224
202 226
202 228
202 229
202 230
202 242
202 243
202 245
202 246
202 249
202 479
203 204
203 205
203 206
203 207
203 209
203 210
203 215
203 218
203 220
203 222
203 223
203 224
203 225
203 227
203 229
203 230
203 231
203 233
203 234
203 236
203 237
203 238
203 239
203 240
203 242
203 245
203 248
203 496
204 208
204 210
204 211
204 213
204 214
204 215
204 216
204 221
204 225
204 226
204 230
204 231
204 234
204 235
204 237
204 238
204 239
204 240
204 241
204 242
204 245
204 246
204 249
205 206
205 207
205 208
205 209
205 214
205 215
205 221
205 223
205 224
205 227
205 229
205 231
205 232
205 236
205 239
205 240
205 241
205 243
205 247
205 248
206 207
206 209
206 210
206 211
206 214
206 215
206 217
206 219
206 220
206 221
206 222
206 224
206 227
206 228
206 230
206 231
206 232
206 233
206 234
206 236
206 237
206 238
206 240
206 241
206 244
206 245
206 246
206 311
206 465
207 209
207 210
207 211
207 212
207 216
207 219
207 223
207 227
207 234
207 235
207 236
207 237
207 239
207 240
207 241
207 242
207 243
207 247
207 249
208 209
208 212
208 213
208 214
208 216
208 218
208 219
208 221
208 223
208 224
208 225
208 226
208 228
208 232
208 233
208 234
208 235
208 238
208 241
208 246
208 248
208 386
208 383
209 210
209 211
209 214
209 217
209 218
209 219
209 220
209 221
209 223
209 224
209 226
209 227
209 234
209 235
209 236
209 237
209 238
209 243
209 248
209 249
210 211
210 213
210 214
210 215
210 217
210 218
210 219
210 221
210 223
210 226
210 227
210 228
210 229
210 235
210 238
210 241
210 242
210 243
210 244
210 245
210 247
210 249
210 406
211 214
211 216
211 217
211 218
211 223
211 232
211 233
211 238
211 239
211 245
211 247
212 213
212 218
212 219
212 220
212 222
212 224
212 229
212 231
212 233
212 234
212 237
212 239
212 240
212 241
212 345
212 395
212 445
213 220
213 224
213 225
213 226
213 228
213 229
213 230
213 232
213 234
213 236
213 239
213 240
213 241
213 242
213 247
213 248
213 249
213 497
214 216
214 219
214 220
214 223
214 224
214 227
214 230
214 231
214 233
214 234
214 235
214 238
214 239
214 243
214 244
214 246
214 247
214 249
214 306
214 472
215 218
215 220
215 225
215 227
215 228
215 230
215 231
215 235
215 236
215 237
215 238
215 239
215 242
215 243
215 244
215 247
215 248
215 249
215 380
216 219
216 220
216 221
216 222
216 229
216 230
216 231
216 233
216 234
216 235
216 236
216 237
216 238
216 241
216 245
216 246
216 248
216 249
216 373
217 218
217 225
217 227
217 228
217 229
217 230
217 231
217 232
217 234
217 236
217 239
217 240
217 241
217 242
217 243
217 245
217 246
217 247
217 249
218 219
218 221
218 223
218 225
218 226
218 230
218 235
218 237
218 238
218 239
218 240
218 241
218 242
218 245
218 248
219 220
219 221
219 222
219 226
219 228
219 232
219 233
219 235
219 237
219 238
219 239
219 240
219 244
219 245
219 246
219 248
219 249
220 222
220 224
220 225
220 226
220 227
220 228
220 229
220 233
220 234
220 235
220 236
220 237
220 238
220 239
220 240
220 241
220 245
220 246
220 247
220 248
221 223
221 226
221 228
221 230
221 234
221 235
221 236
221 238
221 239
221 240
221 241
221 244
221 245
221 246
221 247
221 248
221 249
222 224
222 229
222 231
222 232
222 233
222 234
222 239
222 240
222 241
222 243
222 244
222 246
222 282
223 224
223 226
223 227
223 229
223 230
223 234
223 236
223 239
223 242
223 244
223 246
223 247
223 248
223 249
224 225
224 226
224 228
224 229
224 231
224 237
224 239
224 243
224 245
224 246
224 247
224 248
224 249
224 380
224 485
225 226
225 227
225 228
225 229
225 230
225 231
225 233
225 234
225 237
225 239
225 240
225 242
225 244
225 246
225 247
225 248
225 318
226 227
226 230
226 231
226 232
226 235
226 237
226 239
226 240
226 241
226 243
226 244
226 245
226 246
226 247
226 248
226 249
226 301
226 485
227 230
227 231
227 235
227 241
227 242
227 244
227 248
227 249
228 234
228 236
228 238
228 239
228 241
228 244
228 245
228 342
229 230
229 234
229 237
229 238
229 241
229 244
230 232
230 234
230 235
230 236
230 238
230 241
230 242
230 246
230 247
230 249
231 233
231 235
231 237
231 238
231 240
231 241
231 242
231 246
231 248
231 249
231 293
231 358
231 467
232 234
232 236
232 237
232 239
232 240
232 242
232 245
232 246
232 247
232 366
233 234
233 235
233 237
233 238
233 240
233 242
233 243
233 246
233 248
233 337
233 350
234 237
234 239
234 240
234 244
234 246
234 383
235 236
235 237
235 238
235 242
235 247
235 248
235 362
236 237
236 239
236 240
236 241
236 243
236 244
236 246
236 247
236 248
236 300
237 241
237 243
237 247
237 248
237 249
238 239
238 240
238 244
238 246
238 248
238 249
238 294
239 240
239 242
239 243
239 245
239 246
239 247
239 249
239 366
240 241
240 242
240 243
240 244
240 248
240 402
240 429
240 486
241 244
241 245
241 248
241 249
242 244
242 245
242 249
242 280
243 245
244 246
244 247
244 248
244 249
245 246
245 247
245 248
245 249
245 290
245 253
245 465
246 247
246 248
247 248
247 249
247 306
247 441
256 258
256 259
256 260
256 262
256 264
256 265
256 267
256 273
256 274
256 279
256 280
256 281
256 282
256 283
256 285
256 286
256 287
256 288
256 290
256 291
256 295
256 296
256 297
256 250
256 252
256 255
256 417
257 259
257 260
257 261
257 265
257 267
257 268
257 269
257 270
257 271
257 272
257 279
257 281
257 282
257 284
257 289
257 290
257 291
257 294
257 295
257 296
257 479
258 259
258 260
258 261
258 264
258 265
258 266
258 268
258 269
258 273
258 275
258 277
258 278
258 280
258 281
258 286
258 288
258 290
258 293
258 294
258 295
258 296
258 297
258 254
259 261
259 262
259 263
259 264
259 266
259 270
259 272
259 279
259 280
259 282
259 283
259 285
259 287
259 288
259 290
259 291
259 294
259 251
259 254
259 255
259 331
260 262
260 263
260 267
260 268
260 270
260 271
260 278
260 283
260 285
260 290
260 291
260 292
260 293
260 294
260 296
260 299
260 250
260 253
260 255
261 262
261 264
261 265
261 266
261 268
261 272
261 274
261 275
261 276
261 277
261 278
261 283
261 284
261 288
261 289
261 292
261 293
261 294
261 298
261 299
261 252
261 255
262 263
262 266
262 267
262 269
262 272
262 273
262 275
262 276
262 282
262 284
262 285
262 292
262 295
262 296
262 298
262 299
262 250
262 253
262 255
263 264
263 265
263 268
263 270
263 273
263 275
263 277
263 280
263 283
263 284
263 285
263 287
263 290
263 291
263 292
263 295
263 299
263 250
263 254
264 265
264 268
264 270
264 277
264 278
264 280
264 283
264 284
264 289
264 290
264 291
264 292
264 293
264 295
264 297
264 251
264 252
264 254
264 255
265 266
265 267
265 271
265 272
265 273
265 274
265 278
265 279
265 280
265 281
265 283
265 285
265 287
265 288
265 289
265 290
265 294
265 250
265 253
265 423
266 267
266 268
266 270
266 271
266 273
266 275
266 277
266 283
266 285
266 286
266 287
266 288
266 289
266 291
266 295
266 296
266 297
266 252
266 254
267 268
267 273
267 276
267 277
267 278
267 279
267 280
267 283
267 284
267 287
267 288
267 289
267 290
267 292
267 293
267 296
267 299
267 252
267 254
267 255
268 271
268 273
268 274
268 275
268 278
268 280
268 283
268 287
268 290
268 291
268 296
268 297
268 299
268 250
268 252
268 254
268 255
268 314
269 272
269 275
269 276
269 277
269 279
269 287
269 288
269 289
269 292
269 294
269 296
269 297
269 298
269 250
269 251
269 253
269 499
270 272
270 274
270 275
270 279
270 281
270 283
270 285
270 286
270 287
270 288
270 290
270 292
270 293
270 295
270 297
270 298
270 299
270 250
270 252
270 255
271 273
271 275
271 276
271 280
271 281
271 282
271 283
271 286
271 289
271 294
271 295
271 296
271 298
271 299
271 252
271 253
271 254
271 255
272 274
272 276
272 278
272 279
272 281
272 282
272 283
272 284
272 288
272 291
272 292
272 294
272 296
272 299
272 250
272 251
272 253
272 254
272 255
273 274
273 278
273 279
273 281
273 282
273 287
273 290
273 291
273 292
273 293
273 294
273 295
273 296
273 297
273 298
273 251
273 252
273 253
274 275
274 276
274 278
274 280
274 281
274 283
274 284
274 285
274 287
274 288
274 289
274 290
274 291
274 292
274 294
274 295
274 251
274 254
274 306
274 488
275 276
275 278
275 279
275 283
275 287
275 288
275 289
275 293
275 294
275 295
275 250
275 253
275 254
276 277
276 279
276 283
276 285
276 286
276 287
276 288
276 290
276 292
276 293
276 294
276 296
276 299
276 253
276 254
276 255
277 282
277 283
277 284
277 285
277 287
277 289
277 290
277 298
277 299
277 253
278 281
278 282
278 283
278 284
278 285
278 288
278 290
278 293
278 297
278 298
278 299
278 250
278 251
278 254
278 255
279 280
279 282
279 283
279 285
279 290
279 293
279 295
279 297
279 298
279 250
279 253
279 255
280 281
280 286
280 288
280 289
280 291
280 292
280 293
280 295
280 299
280 250
280 251
280 252
280 253
280 255
281 282
281 285
281 288
281 289
281 290
281 291
281 293
281 294
281 297
281 298
281 250
281 255
281 366
281 418
282 284
282 285
282 287
282 289
282 291
282 293
282 294
282 297
282 298
282 299
282 251
282 253
282 255
283 284
283 286
283 287
283 291
283 292
283 294
283 298
283 299
283 251
283 252
283 255
284 286
284 289
284 290
284 292
284 294
284 296
284 252
284 253
285 286
285 288
285 289
285 290
285 292
285 298
285 250
285 253
285 318
285 468
286 289
286 290
286 293
286 294
286 295
286 297
286 298
286 250
286 251
286 255
287 288
287 289
287 290
287 295
287 296
287 250
287 251
287 253
287 255
287 343
287 366
287 448
288 295
288 298
288 299
288 250
288 253
288 255
289 291
289 293
289 294
289 298
289 299
289 251
289 252
290 292
290 293
290 296
290 253
290 415
291 292
291 294
291 299
291 250
291 252
291 254
291 409
292 295
292 296
292 298
292 250
292 251
292 252
292 475
293 296
293 297
293 298
293 299
293 251
293 253
293 254
294 295
294 297
294 250
294 253
294 254
294 255
294 461
295 296
295 297
295 298
295 250
295 251
295 253
295 254
296 298
296 299
296 253
296 254
296 255
296 434
297 299
297 251
297 252
297 330
298 299
298 251
298 252
298 253
299 253
299 254
299 255
250 253
250 254
250 329
250 338
251 252
251 254
252 254
253 254
253 255
254 255
254 362
300 301
300 302
300 303
300 304
300 306
300 308
300 309
300 311
300 313
300 316
300 317
300 320
300 321
300 322
300 323
300 324
300 326
300 327
300 328
300 329
300 331
300 333
300 336
300 337
300 339
300 340
300 341
300 342
300 346
300 349
301 302
301 303
301 310
301 311
301 312
301 313
301 315
301 316
301 317
301 320
301 321
301 323
301 324
301 325
301 326
301 328
301 329
301 332
301 334
301 335
301 336
301 339
301 341
301 343
301 348
302 303
302 305
302 307
302 308
302 309
302 310
302 315
302 317
302 318
302 322
302 323
302 326
302 327
302 330
302 331
302 332
302 339
302 341
302 342
302 347
302 349
302 350
303 310
303 312
303 314
303 315
303 316
303 319
303 322
303 324
303 325
303 327
303 332
303 333
303 334
303 336
303 337
303 339
303 340
303 341
303 343
303 346
303 348
303 349
304 306
304 308
304 310
304 311
304 312
304 314
304 317
304 318
304 319
304 321
304 322
304 325
304 326
304 327
304 329
304 332
304 333
304 334
304 336
304 338
304 339
304 341
304 342
304 344
304 345
304 346
304 349
305 306
305 308
305 311
305 317
305 318
305 319
305 323
305 324
305 326
305 327
305 329
305 333
305 334
305 335
305 336
305 339
305 341
305 343
305 344
305 345
305 346
305 347
305 348
305 422
305 450
306 307
306 310
306 313
306 314
306 315
306 318
306 325
306 326
306 327
306 330
306 332
306 334
306 335
306 336
306 337
306 338
306 339
306 340
306 343
306 344
306 345
306 346
306 347
306 486
307 309
307 317
307 318
307 319
307 320
307 322
307 323
307 326
307 327
307 328
307 329
307 331
307 333
307 334
307 341
307 343
307 349
308 309
308 311
308 315
308 316
308 318
308 323
308 326
308 328
308 329
308 331
308 332
308 337
308 338
308 339
308 341
308 342
308 345
308 349
309 310
309 311
309 312
309 314
309 315
309 316
309 318
309 320
309 321
309 322
309 324
309 327
309 328
309 329
309 330
309 332
309 336
309 339
309 340
309 343
309 345
309 348
309 349
309 491
310 311
310 312
310 313
310 316
310 322
310 324
310 325
310 327
310 329
310 331
310 332
310 333
310 336
310 337
310 339
310 341
310 342
310 343
310 344
310 345
310 347
310 348
311 312
311 313
311 316
311 321
311 323
311 324
311 325
311 332
311 333
311 334
311 336
311 338
311 342
311 343
311 347
311 349
312 313
312 314
312 317
312 319
312 326
312 327
312 333
312 334
312 336
312 339
312 341
312 342
312 345
312 347
312 349
313 314
313 321
313 323
313 325
313 326
313 327
313 328
313 329
313 330
313 331
313 332
313 333
313 337
313 338
313 339
313 340
313 342
313 343
313 345
313 347
313 476
314 315
314 316
314 317
314 318
314 319
314 321
314 322
314 323
314 324
314 325
314 331
314 338
314 340
314 341
314 344
314 345
314 346
314 347
314 348
314 349
314 457
315 317
315 319
315 323
315 327
315 328
315 329
315 332
315 334
315 335
315 338
315 339
315 340
315 345
315 346
315 348
315 349
316 317
316 318
316 320
316 327
316 328
316 329
316 330
316 331
316 332
316 334
316 337
316 338
316 339
316 344
316 345
316 347
316 348
316 386
317 320
317 321
317 325
317 326
317 330
317 331
317 336
317 338
317 339
317 343
317 344
317 345
317 430
318 323
318 324
318 325
318 328
318 331
318 332
318 333
318 334
318 335
318 337
318 343
318 344
318 345
318 347
318 349
319 320
319 321
319 322
319 327
319 328
319 330
319 341
319 345
319 347
320 326
320 327
320 330
320 331
320 332
320 333
320 335
320 336
320 337
320 339
320 341
320 344
320 349
320 364
320 375
320 455
321 324
321 328
321 329
321 332
321 334
321 335
321 336
321 339
321 341
321 342
321 343
321 344
321 345
321 347
321 349
321 404
322 323
322 331
322 333
322 334
322 335
322 339
322 342
322 344
322 346
322 347
322 379
322 478
323 324
323 329
323 337
323 338
323 339
323 340
323 342
323 343
323 344
323 346
323 348
323 355
323 362
323 485
324 326
324 329
324 331
324 333
324 335
324 336
324 337
324 338
324 340
324 344
324 348
325 326
325 327
325 328
325 329
325 331
325 333
325 334
325 335
325 336
325 337
325 338
325 340
325 341
325 343
325 346
325 420
326 327
326 329
326 330
326 331
326 332
326 334
326 335
326 341
326 342
326 344
326 345
326 346
326 348
327 331
327 332
327 333
327 334
327 335
327 339
327 340
327 341
327 342
327 343
327 344
327 347
327 349
328 329
328 330
328 331
328 334
328 335
328 336
328 338
328 340
328 341
328 342
328 343
328 345
328 347
329 331
329 332
329 333
329 334
329 337
329 339
329 341
329 344
329 348
329 349
330 331
330 335
330 337
330 338
330 340
330 344
330 345
330 347
330 348
331 333
331 338
331 341
331 342
331 346
331 347
331 348
331 349
332 333
332 334
332 335
332 336
332 337
332 338
332 339
332 341
332 346
333 335
333 340
333 342
333 344
333 345
333 346
334 335
334 336
334 339
334 341
334 342
334 344
334 345
334 347
334 349
335 337
335 338
335 339
335 341
335 343
335 347
335 348
336 338
336 339
336 340
336 343
336 344
336 345
336 348
337 338
337 339
337 342
337 343
337 344
337 345
337 346
337 347
337 348
337 440
338 342
338 344
338 345
338 346
338 347
339 341
339 342
339 343
339 344
339 346
339 348
339 415
340 344
340 345
340 349
341 344
341 345
341 347
341 348
341 423
342 346
342 349
342 375
343 344
343 346
343 348
344 346
344 348
344 349
344 391
345 346
345 347
345 349
346 347
346 348
346 349
347 482
349 398
384 385
384 389
384 391
384 392
384 393
384 395
384 397
384 350
384 357
384 361
384 364
384 367
384 368
384 370
384 376
384 380
384 382
384 383
385 386
385 387
385 391
385 393
385 396
385 397
385 399
385 350
385 351
385 354
385 358
385 359
385 361
385 362
385 365
385 366
385 368
385 372
385 376
385 377
385 380
385 381
385 383
386 388
386 389
386 390
386 391
386 394
386 395
386 398
386 399
386 350
386 351
386 352
386 356
386 357
386 360
386 362
386 363
386 364
386 365
386 368
386 369
386 370
386 371
386 372
386 373
386 375
386 376
386 378
386 380
386 381
387 388
387 389
387 392
387 393
387 394
387 395
387 398
387 399
387 351
387 352
387 353
387 354
387 357
387 358
387 359
387 360
387 362
387 367
387 368
387 369
387 372
387 373
387 374
387 375
387 376
387 378
387 380
387 381
387 383
387 436
387 497
388 389
388 390
388 392
388 393
388 394
388 396
388 397
388 350
388 356
388 361
388 362
388 364
388 366
388 367
388 369
388 371
388 372
388 374
388 377
388 382
388 383
389 390
389 391
389 395
389 396
389 397
389 399
389 351
389 352
389 353
389 355
389 356
389 357
389 358
389 362
389 363
389 365
389 366
389 368
389 372
389 374
389 375
389 376
389 377
389 378
389 380
389 383
389 462
390 392
390 393
390 396
390 397
390 399
390 351
390 352
390 353
390 354
390 357
390 363
390 364
390 367
390 369
390 372
390 375
390 376
390 378
390 379
390 381
390 383
391 393
391 394
391 395
391 350
391 351
391 352
391 353
391 354
391 355
391 359
391 365
391 367
391 370
391 371
391 376
391 377
391 378
391 381
391 382
391 383
392 397
392 351
392 352
392 354
392 357
392 358
392 359
392 360
392 363
392 364
392 365
392 366
392 367
392 369
392 370
392 371
392 372
392 373
392 374
392 377
392 378
392 379
392 380
392 382
392 415
392 473
393 395
393 396
393 397
393 352
393 354
393 355
393 359
393 360
393 363
393 367
393 369
393 370
393 371
393 372
393 373
393 374
393 375
393 376
393 377
393 379
393 381
394 397
394 398
394 399
394 350
394 351
394 353
394 357
394 358
394 359
394 362
394 365
394 367
394 368
394 372
394 373
394 374
394 376
394 377
394 380
394 381
394 382
394 447
394 475
395 396
395 398
395 399
395 350
395 351
395 353
395 358
395 359
395 361
395 362
395 363
395 365
395 366
395 367
395 368
395 370
395 371
395 375
395 377
395 378
395 380
396 397
396 399
396 352
396 354
396 355
396 356
396 357
396 358
396 359
396 360
396 361
396 362
396 364
396 366
396 367
396 369
396 370
396 372
396 373
396 374
396 376
396 381
396 382
396 383
396 488
397 398
397 351
397 353
397 355
397 356
397 357
397 358
397 359
397 361
397 362
397 363
397 364
397 365
397 367
397 368
397 369
397 370
397 371
397 372
397 374
397 375
397 379
397 380
397 381
397 382
398 350
398 355
398 357
398 361
398 364
398 365
398 367
398 369
398 372
398 374
398 375
398 376
398 377
398 381
398 382
399 352
399 356
399 357
399 358
399 360
399 361
399 366
399 372
399 374
399 378
399 379
399 380
399 382
399 383
350 351
350 354
350 355
350 357
350 358
350 360
350 361
350 364
350 369
350 371
350 373
350 374
350 375
350 376
350 377
350 378
350 379
350 381
350 473
351 352
351 356
351 366
351 367
351 368
351 370
351 377
351 378
351 379
351 381
351 383
352 353
352 354
352 357
352 358
352 360
352 361
352 362
352 364
352 365
352 366
352 367
352 368
352 370
352 375
352 376
352 378
352 379
352 380
352 381
352 382
353 357
353 359
353 364
353 369
353 370
353 372
353 374
353 375
353 376
353 377
353 379
353 380
353 381
353 383
353 482
354 355
354 357
354 360
354 361
354 363
354 365
354 366
354 368
354 372
354 374
354 375
354 376
354 377
354 380
354 381
355 357
355 358
355 359
355 360
355 362
355 363
355 364
355 371
355 372
355 373
355 374
355 375
355 378
355 379
355 383
356 359
356 360
356 361
356 362
356 364
356 365
356 367
356 368
356 369
356 370
356 372
356 373
356 377
356 378
356 379
356 381
356 382
356 383
356 437
357 358
357 360
357 364
357 367
357 368
357 369
357 370
357 371
357 372
357 373
357 374
357 377
357 378
357 380
357 382
358 359
358 360
358 361
358 363
358 364
358 365
358 366
358 370
358 372
358 373
358 375
358 376
358 378
358 380
358 381
358 382
359 363
359 364
359 365
359 369
359 370
359 374
359 375
359 377
359 378
359 379
359 383
360 363
360 365
360 366
360 367
360 368
360 370
360 372
360 373
360 375
360 377
360 378
361 362
361 363
361 366
361 367
361 368
361 369
361 371
361 372
361 374
361 375
361 378
361 379
361 380
361 410
362 363
362 364
362 365
362 368
362 373
362 375
362 376
362 378
362 379
362 380
362 381
362 382
362 383
363 364
363 366
363 368
363 371
363 377
363 379
363 381
363 382
363 383
364 369
364 371
364 374
364 376
364 377
364 379
364 380
364 382
364 383
365 369
365 375
365 378
365 379
365 380
365 381
365 383
366 367
366 368
366 373
366 374
366 375
366 377
366 378
366 477
367 368
367 375
367 379
367 380
367 383
367 433
368 369
368 370
368 371
368 372
368 374
368 377
368 379
368 380
368 381
369 370
369 371
369 372
369 373
369 374
369 375
369 380
369 381
369 382
369 488
370 374
370 378
370 381
370 382
371 374
371 381
371 382
371 383
371 405
371 497
372 374
372 376
372 377
372 379
372 382
372 383
373 375
373 379
373 380
373 381
373 382
373 383
373 414
374 375
374 381
375 381
375 382
376 377
376 378
376 379
376 381
376 382
376 383
377 378
377 381
377 382
377 383
378 382
379 381
379 382
379 383
380 381
380 383
380 431
381 383
382 383
400 401
400 404
400 408
400 409
400 412
400 413
400 414
400 415
400 417
400 420
400 421
400 423
400 424
400 427
400 428
400 430
400 431
400 433
400 436
400 437
400 438
400 439
400 440
400 441
400 442
400 445
400 446
400 447
400 448
401 402
401 403
401 405
401 407
401 409
401 410
401 412
401 413
401 416
401 417
401 418
401 419
401 420
401 422
401 423
401 424
401 427
401 428
401 432
401 433
401 438
401 439
401 444
401 445
401 447
402 403
402 407
402 408
402 410
402 411
402 412
402 418
402 419
402 420
402 421
402 423
402 424
402 425
402 426
402 429
402 433
402 438
402 439
402 444
402 449
402 465
403 404
403 405
403 406
403 409
403 411
403 412
403 416
403 418
403 421
403 422
403 425
403 426
403 428
403 430
403 434
403 440
403 444
403 445
403 448
404 405
404 407
404 409
404 416
404 420
404 421
404 424
404 426
404 427
404 433
404 434
404 435
404 436
404 438
404 439
404 440
404 441
404 442
404 445
404 448
405 407
405 411
405 412
405 413
405 415
405 416
405 420
405 421
405 422
405 424
405 426
405 432
405 433
405 434
405 436
405 437
405 439
405 440
405 441
405 444
405 445
405 447
406 408
406 409
406 411
406 415
406 416
406 417
406 419
406 420
406 421
406 423
406 426
406 427
406 430
406 432
406 433
406 434
406 435
406 436
406 438
406 441
406 444
406 446
406 448
406 449
407 414
407 416
407 417
407 418
407 421
407 422
407 425
407 427
407 429
407 430
407 433
407 435
407 437
407 443
407 446
407 447
407 449
407 465
408 409
408 411
408 412
408 413
408 414
408 417
408 420
408 421
408 422
408 426
408 432
408 434
408 435
408 436
408 437
408 439
408 443
408 445
408 446
408 449
409 410
409 411
409 412
409 414
409 415
409 416
409 417
409 420
409 422
409 425
409 426
409 429
409 430
409 432
409 433
409 435
409 441
409 443
409 444
409 445
409 447
410 411
410 412
410 414
410 419
410 420
410 421
410 423
410 424
410 425
410 428
410 429
410 431
410 432
410 436
410 438
410 440
410 441
410 443
410 444
410 446
410 447
410 449
411 413
411 415
411 416
411 417
411 418
411 419
411 420
411 422
411 425
411 426
411 427
411 430
411 432
411 435
411 440
411 442
411 445
411 446
411 447
411 449
412 413
412 414
412 416
412 417
412 420
412 421
412 422
412 426
412 429
412 430
412 432
412 435
412 439
412 441
412 442
412 444
412 446
412 447
413 417
413 419
413 420
413 421
413 422
413 424
413 425
413 426
413 427
413 428
413 431
413 433
413 439
413 440
413 443
413 446
413 447
413 449
414 415
414 416
414 418
414 422
414 428
414 430
414 431
414 432
414 433
414 434
414 436
414 438
414 441
414 442
414 444
414 446
414 449
414 477
415 417
415 418
415 423
415 427
415 429
415 430
415 431
415 436
415 437
415 439
415 440
415 441
415 443
415 445
415 446
416 417
416 420
416 424
416 426
416 427
416 428
416 429
416 432
416 436
416 439
416 442
416 443
416 444
416 445
417 418
417 421
417 429
417 431
417 432
417 435
417 437
417 438
417 439
417 441
417 444
418 420
418 423
418 424
418 425
418 430
418 431
418 432
418 433
418 435
418 436
418 437
418 439
418 440
418 441
418 442
418 443
418 444
418 445
418 447
418 448
419 420
419 421
419 422
419 424
419 425
419 427
419 429
419 430
419 431
419 432
419 434
419 438
419 439
419 441
419 442
419 443
419 445
419 449
420 422
420 423
420 424
420 426
420 427
420 428
420 429
420 435
420 437
420 438
420 440
420 441
420 443
420 444
420 445
421 423
421 429
421 432
421 437
421 438
421 440
421 441
421 442
421 445
421 448
421 449
422 425
422 426
422 434
422 436
422 441
422 443
422 448
422 449
423 424
423 428
423 429
423 432
423 434
423 435
423 437
423 438
423 440
423 444
423 445
423 446
423 447
423 449
424 425
424 427
424 431
424 434
424 437
424 439
424 440
424 443
424 445
424 448
424 449
425 426
425 428
425 429
425 431
425 432
425 433
425 437
425 439
425 440
425 442
425 443
425 444
425 447
426 429
426 430
426 433
426 434
426 438
426 440
426 442
426 443
426 444
426 448
426 449
427 428
427 429
427 432
427 433
427 434
427 435
427 436
427 441
427 442
427 443
427 444
427 445
427 446
427 447
427 448
428 429
428 431
428 433
428 435
428 436
428 438
428 440
428 441
428 443
428 444
428 445
428 446
428 447
428 448
429 430
429 433
429 436
429 437
429 438
429 439
429 443
429 444
429 449
430 431
430 433
430 436
430 439
430 442
430 446
430 449
430 487
431 433
431 437
431 441
431 443
431 449
432 433
432 435
432 436
432 437
432 439
432 442
432 443
432 446
432 447
432 448
432 449
433 434
433 435
433 436
433 437
433 439
433 440
433 441
433 442
434 435
434 436
434 437
434 438
434 441
434 443
434 444
434 449
434 456
435 437
435 438
435 441
435 442
435 443
435 444
435 446
435 448
436 438
436 440
436 441
436 444
436 445
436 446
436 447
436 448
436 449
437 438
437 439
437 442
437 444
437 445
437 447
437 448
437 449
438 440
438 441
438 442
438 446
438 447
439 440
439 443
439 444
439 447
439 448
439 449
439 456
440 441
440 444
440 445
440 446
441 443
441 447
442 444
442 445
442 446
443 445
443 448
444 448
444 449
445 446
445 447
446 447
446 448
447 449
448 449
450 453
450 454
450 456
450 457
450 458
450 461
450 462
450 463
450 465
450 466
450 467
450 468
450 469
450 471
450 473
450 475
450 478
450 481
450 482
450 484
450 485
450 488
450 491
450 492
450 495
450 497
450 498
450 499
451 453
451 454
451 456
451 457
451 458
451 459
451 460
451 463
451 466
451 467
451 469
451 472
451 473
451 474
451 476
451 479
451 480
451 483
451 484
451 488
451 489
451 490
451 491
451 492
451 495
451 496
451 498
451 499
452 453
452 454
452 455
452 458
452 462
452 463
452 465
452 467
452 468
452 470
452 472
452 473
452 477
452 478
452 479
452 480
452 481
452 483
452 486
452 487
452 491
452 497
452 498
452 499
453 456
453 457
453 459
453 464
453 465
453 466
453 468
453 470
453 471
453 472
453 473
453 477
453 478
453 480
453 482
453 484
453 486
453 488
453 493
453 495
453 497
453 499
454 455
454 457
454 458
454 459
454 462
454 464
454 465
454 466
454 467
454 468
454 469
454 472
454 473
454 476
454 477
454 479
454 480
454 481
454 482
454 485
454 487
454 488
454 489
454 492
454 493
454 494
454 496
454 499
455 457
455 458
455 459
455 465
455 467
455 468
455 469
455 474
455 475
455 476
455 477
455 479
455 481
455 485
455 487
455 488
455 489
455 491
455 493
455 494
455 495
455 496
455 497
455 498
456 457
456 458
456 459
456 460
456 462
456 463
456 467
456 475
456 486
456 488
456 489
456 494
456 498
457 458
457 459
457 460
457 461
457 463
457 465
457 466
457 467
457 468
457 469
457 473
457 477
457 478
457 481
457 482
457 483
457 484
457 485
457 486
457 487
457 488
457 491
457 492
457 497
457 499
458 460
458 461
458 463
458 466
458 467
458 469
458 470
458 472
458 474
458 475
458 477
458 480
458 481
458 482
458 486
458 488
458 489
458 490
458 491
458 493
458 495
458 496
459 460
459 461
459 462
459 464
459 465
459 468
459 469
459 470
459 475
459 476
459 478
459 483
459 487
459 488
459 489
459 492
459 494
459 496
460 462
460 463
460 465
460 466
460 469
460 471
460 472
460 473
460 475
460 476
460 477
460 478
460 479
460 482
460 483
460 484
460 486
460 488
460 490
460 491
460 492
460 497
460 499
461 462
461 464
461 466
461 469
461 470
461 471
461 474
461 477
461 481
461 483
461 497
461 498
462 465
462 469
462 470
462 473
462 479
462 480
462 483
462 487
462 488
462 492
462 494
462 495
462 497
462 498
462 499
463 465
463 467
463 469
463 470
463 473
463 475
463 476
463 477
463 478
463 480
463 482
463 483
463 485
463 486
463 487
463 492
463 495
463 497
463 498
464 465
464 466
464 469
464 470
464 477
464 478
464 479
464 482
464 483
464 484
464 485
464 486
464 487
464 488
464 490
464 494
464 496
464 497
464 498
465 466
465 467
465 468
465 470
465 471
465 473
465 478
465 482
465 485
465 487
465 488
465 492
465 495
465 496
465 497
465 499
466 467
466 469
466 477
466 478
466 479
466 480
466 483
466 485
466 487
466 488
466 491
466 492
466 494
466 496
466 497
466 499
467 468
467 472
467 473
467 480
467 481
467 483
467 484
467 486
467 489
467 490
467 491
468 469
468 470
468 472
468 473
468 475
468 480
468 481
468 482
468 483
468 484
468 485
468 488
468 489
468 492
468 494
468 497
468 499
469 470
469 471
469 474
469 478
469 481
469 483
469 484
469 485
469 486
469 487
469 488
469 489
469 495
469 497
469 498
469 499
470 471
470 472
470 474
470 478
470 479
470 487
470 488
470 490
470 491
470 492
470 495
470 496
470 499
471 472
471 473
471 474
471 476
471 478
471 480
471 481
471 484
471 486
471 487
471 489
471 490
471 491
471 492
471 498
471 499
472 473
472 474
472 475
472 476
472 477
472 480
472 481
472 484
472 487
472 488
472 489
472 499
473 474
473 476
473 477
473 478
473 481
473 483
473 487
473 489
473 490
473 491
473 492
473 493
473 497
473 498
473 499
474 475
474 476
474 478
474 479
474 482
474 483
474 484
474 486
474 489
474 491
474 493
474 494
474 495
474 496
474 497
474 498
474 499
475 476
475 480
475 481
475 483
475 486
475 489
475 491
475 492
475 493
475 496
475 497
476 477
476 478
476 479
476 480
476 487
476 494
476 499
477 479
477 480
477 481
477 483
477 484
477 485
477 486
477 490
477 491
477 495
478 480
478 482
478 483
478 484
478 485
478 487
478 491
478 495
478 496
478 497
478 499
479 480
479 481
479 482
479 483
479 484
479 485
479 486
479 487
479 490
479 491
479 495
479 499
480 483
480 485
480 487
480 488
480 492
480 493
480 494
480 496
480 497
481 484
481 486
481 488
482 486
482 487
482 488
482 491
482 492
482 493
482 495
482 496
482 497
482 499
483 486
483 489
483 494
483 497
484 486
484 487
484 492
484 493
484 495
484 496
484 499
485 487
485 488
485 489
485 490
485 491
485 494
485 496
485 498
486 488
486 491
486 492
486 493
486 494
486 496
486 498
486 499
487 488
487 489
487 490
487 494
487 496
487 498
487 499
488 489
488 492
488 495
488 496
488 498
488 499
489 490
489 491
489 494
489 496
489 497
490 491
490 492
490 494
490 496
490 497
490 498
491 492
491 494
491 495
491 496
491 497
492 495
492 496
492 497
492 498
493 495
493 496
493 497
493 499
494 496
494 497
494 499
495 496
495 498
496 497
496 499
497 499
498 499
