0 3
0 4
0 6
0 8
0 9
0 13
0 16
0 21
0 25
0 26
0 27
0 31
0 33
0 36
0 38
0 41
0 42
0 44
0 45
0 47
0 49
0 74
0 129
0 114
0 164
0 180
0 191
0 285
0 288
0 339
0 397
0 417
0 424
0 450
0 481
1 4
1 5
1 6
1 9
1 18
1 20
1 22
1 23
1 24
1 27
1 28
1 36
1 38
1 45
1 149
1 167
1 192
1 233
1 267
1 406
1 479
1 493
2 3
2 5
2 8
2 10
2 11
2 13
2 15
2 16
2 18
2 23
2 27
2 28
2 30
2 31
2 33
2 34
2 35
2 38
2 39
2 40
2 41
2 42
2 44
2 45
2 47
2 48
2 54
2 131
2 223
2 229
2 262
2 436
2 448
3 4
3 5
3 9
3 12
3 15
3 16
3 18
3 19
3 20
3 21
3 24
3 25
3 27
3 29
3 31
3 32
3 33
3 34
3 36
3 37
3 38
3 43
3 44
3 46
3 47
3 48
3 49
3 77
3 81
3 143
3 166
3 203
3 207
3 211
3 410
3 412
4 6
4 9
4 10
4 12
4 14
4 15
4 16
4 17
4 19
4 23
4 24
4 25
4 29
4 32
4 35
4 37
4 38
4 40
4 43
4 44
4 47
4 49
4 50
4 132
4 101
4 182
4 269
4 293
4 360
4 401
4 433
4 498
5 7
5 8
5 9
5 10
5 13
5 16
5 18
5 19
5 20
5 26
5 33
5 35
5 37
5 38
5 39
5 42
5 44
5 45
5 47
5 48
5 59
5 65
5 85
5 88
5 140
5 113
5 121
5 122
5 194
5 213
5 236
5 255
5 314
5 398
5 360
5 409
5 414
5 429
5 483
6 7
6 8
6 9
6 10
6 11
6 13
6 14
6 15
6 16
6 17
6 19
6 22
6 23
6 25
6 26
6 31
6 34
6 35
6 37
6 38
6 39
6 41
6 42
6 45
6 46
6 48
6 69
6 74
6 91
6 128
6 120
6 171
6 180
6 232
6 297
6 394
6 380
6 450
6 452
6 464
6 470
7 8
7 9
7 10
7 14
7 16
7 17
7 18
7 19
7 21
7 22
7 23
7 24
7 26
7 29
7 30
7 33
7 35
7 36
7 37
7 39
7 41
7 42
7 46
7 47
7 48
7 173
7 179
7 192
7 211
7 244
7 288
7 250
7 304
7 325
7 328
8 13
8 14
8 16
8 17
8 18
8 19
8 21
8 22
8 23
8 36
8 40
8 42
8 47
8 48
8 156
8 225
8 345
8 387
8 368
8 439
8 459
8 495
9 10
9 11
9 14
9 15
9 17
9 19
9 20
9 22
9 23
9 24
9 25
9 29
9 31
9 33
9 34
9 35
9 36
9 37
9 40
9 42
9 43
9 45
9 48
9 71
9 152
9 261
9 264
9 277
9 308
9 380
10 11
10 12
10 16
10 25
10 27
10 29
10 31
10 32
10 34
10 39
10 40
10 45
10 46
10 47
10 48
10 81
10 129
10 100
10 191
10 193
10 220
10 228
10 258
10 264
10 326
10 383
10 405
10 412
10 435
10 441
11 14
11 15
11 18
11 19
11 21
11 25
11 26
11 27
11 28
11 29
11 30
11 33
11 35
11 36
11 39
11 40
11 41
11 42
11 45
11 46
11 47
11 49
11 84
11 131
11 150
11 188
11 195
11 208
11 227
11 257
11 297
11 351
11 373
11 377
11 379
11 428
11 489
12 14
12 15
12 16
12 20
12 22
12 24
12 28
12 29
12 31
12 32
12 33
12 34
12 35
12 36
12 37
12 38
12 41
12 42
12 44
12 45
12 46
12 48
12 49
12 141
12 150
12 195
12 209
12 356
12 443
12 494
13 14
13 16
13 17
13 18
13 19
13 22
13 26
13 27
13 29
13 30
13 31
13 33
13 34
13 36
13 37
13 38
13 41
13 42
13 46
13 48
13 58
13 174
13 230
13 282
13 293
13 484
14 16
14 18
14 20
14 22
14 23
14 26
14 27
14 28
14 29
14 33
14 35
14 36
14 38
14 40
14 41
14 42
14 47
14 49
14 68
14 125
14 170
14 186
14 190
14 191
14 206
14 281
14 358
14 479
15 18
15 19
15 21
15 23
15 25
15 27
15 28
15 29
15 30
15 32
15 34
15 35
15 37
15 39
15 40
15 42
15 44
15 49
15 80
15 86
15 123
15 154
15 233
15 240
15 248
15 260
15 292
15 346
15 358
15 470
15 480
16 17
16 23
16 25
16 26
16 27
16 28
16 29
16 30
16 32
16 33
16 36
16 38
16 40
16 42
16 43
16 44
16 47
16 48
16 49
16 68
16 74
16 133
16 135
16 154
16 160
16 161
16 260
16 251
16 255
16 301
16 308
16 386
16 353
16 356
17 18
17 19
17 20
17 22
17 27
17 29
17 30
17 38
17 40
17 41
17 42
17 43
17 44
17 46
17 155
17 158
17 186
17 188
17 189
17 198
17 229
17 290
17 421
17 422
17 450
17 459
17 485
18 19
18 21
18 22
18 23
18 26
18 27
18 28
18 29
18 30
18 31
18 32
18 34
18 35
18 38
18 40
18 41
18 43
18 45
18 46
18 48
18 57
18 81
18 128
18 134
18 164
18 283
18 321
18 384
18 480
19 21
19 22
19 23
19 24
19 26
19 28
19 29
19 30
19 33
19 34
19 35
19 36
19 39
19 40
19 42
19 44
19 45
19 46
19 49
19 192
19 241
19 271
19 283
19 284
19 290
19 343
19 405
19 424
19 455
20 21
20 22
20 24
20 26
20 27
20 33
20 35
20 37
20 41
20 43
20 46
20 48
20 49
20 110
20 125
20 271
20 372
20 378
20 404
20 445
20 481
21 24
21 26
21 27
21 28
21 31
21 37
21 41
21 45
21 48
21 49
21 273
21 304
21 308
21 348
21 387
21 399
21 381
21 421
21 461
22 23
22 24
22 27
22 29
22 30
22 32
22 37
22 38
22 39
22 42
22 43
22 46
22 48
22 49
22 60
22 63
22 203
22 242
22 244
22 257
22 252
22 307
22 342
22 398
23 26
23 27
23 29
23 30
23 31
23 33
23 34
23 36
23 38
23 39
23 40
23 41
23 42
23 45
23 46
23 47
23 126
23 219
23 333
23 345
23 385
23 427
23 429
24 26
24 27
24 29
24 30
24 31
24 32
24 36
24 37
24 40
24 41
24 43
24 46
24 47
24 112
24 118
24 163
24 185
24 225
24 261
24 316
24 354
24 409
24 470
24 477
25 27
25 28
25 30
25 33
25 35
25 36
25 37
25 38
25 39
25 40
25 42
25 43
25 44
25 45
25 46
25 107
25 111
25 126
25 150
25 153
25 181
25 196
25 237
25 281
25 283
25 321
25 344
25 393
25 353
25 363
25 365
25 370
25 473
26 29
26 31
26 33
26 34
26 35
26 37
26 41
26 43
26 45
26 48
26 78
26 147
26 165
26 262
26 309
26 317
26 334
26 386
26 364
26 378
26 468
26 469
26 490
27 28
27 34
27 37
27 39
27 43
27 45
27 49
27 68
27 78
27 79
27 123
27 181
27 229
27 254
27 303
27 325
27 433
27 477
27 487
28 29
28 30
28 31
28 34
28 39
28 41
28 43
28 44
28 46
28 47
28 118
28 150
28 151
28 294
28 399
28 353
28 368
28 420
28 432
29 32
29 33
29 34
29 41
29 46
29 105
29 127
29 193
29 211
29 220
29 284
29 324
29 327
29 341
29 390
29 375
29 431
29 444
29 499
30 31
30 34
30 37
30 38
30 44
30 46
30 48
30 93
30 128
30 159
30 180
30 262
30 263
30 264
30 288
30 345
30 394
30 364
30 369
30 405
30 473
31 33
31 34
31 36
31 41
31 46
31 52
31 80
31 131
31 110
31 113
31 171
31 181
31 202
31 209
31 218
31 258
31 275
31 254
31 311
31 331
31 349
31 393
31 415
31 417
31 451
31 458
31 481
32 33
32 34
32 35
32 36
32 38
32 41
32 43
32 44
32 46
32 48
32 49
32 108
32 284
32 340
32 358
32 462
32 490
33 34
33 36
33 38
33 39
33 40
33 41
33 43
33 47
33 128
33 140
33 110
33 122
33 201
33 226
33 283
33 299
33 314
33 332
33 392
33 451
33 495
34 36
34 39
34 40
34 41
34 42
34 43
34 44
34 47
34 49
34 66
34 77
34 349
34 351
34 356
34 364
34 416
34 423
34 470
34 485
34 486
35 40
35 42
35 45
35 46
35 48
35 49
35 140
35 142
35 171
35 176
35 185
35 299
35 328
35 389
35 401
35 452
35 454
35 493
36 39
36 42
36 45
36 48
36 68
36 89
36 114
36 166
36 297
36 252
36 357
36 429
36 464
36 477
37 38
37 39
37 40
37 41
37 42
37 44
37 48
37 50
37 67
37 137
37 232
37 239
37 316
37 436
37 471
38 39
38 40
38 41
38 42
38 47
38 48
38 49
38 58
38 138
38 107
38 159
38 192
38 214
38 226
38 264
38 266
38 267
38 290
38 408
38 476
38 478
39 41
39 43
39 44
39 45
39 46
39 47
39 48
39 109
39 165
39 206
39 222
39 225
39 310
39 314
39 388
39 412
39 420
39 472
39 473
39 480
40 42
40 44
40 45
40 46
40 144
40 110
40 172
40 200
40 206
40 372
40 433
40 494
41 44
41 45
41 47
41 48
41 49
41 59
41 94
41 98
41 115
41 152
41 163
41 167
41 191
41 199
41 201
41 274
41 301
41 306
41 338
41 356
41 373
41 423
41 452
41 453
42 43
42 44
42 45
42 48
42 49
42 94
42 129
42 123
42 248
42 321
42 402
42 447
42 457
42 474
42 485
43 46
43 47
43 48
43 273
43 316
43 386
43 352
43 359
43 371
43 406
44 47
44 49
44 52
44 107
44 155
44 162
44 166
44 290
44 303
44 344
44 357
44 376
44 377
44 383
44 412
44 489
44 498
45 47
45 49
45 85
45 128
45 191
45 199
45 287
45 318
45 378
45 497
46 47
46 63
46 90
46 103
46 156
46 162
46 190
46 314
46 323
46 394
46 413
46 462
46 465
47 48
47 49
47 138
47 127
47 161
47 217
47 278
47 288
47 334
47 370
47 441
48 49
48 99
48 177
48 192
48 229
48 237
48 280
48 342
48 395
48 411
48 435
49 87
49 180
49 236
49 291
49 323
49 326
49 388
49 373
49 454
49 475
50 51
50 55
50 56
50 57
50 59
50 60
50 63
50 64
50 65
50 67
50 70
50 73
50 76
50 80
50 83
50 85
50 86
50 88
50 89
50 90
50 91
50 93
50 95
50 96
50 97
50 106
50 164
50 211
50 329
50 390
50 393
50 352
50 425
50 458
51 53
51 56
51 57
51 58
51 59
51 60
51 62
51 65
51 66
51 67
51 68
51 69
51 71
51 72
51 73
51 75
51 78
51 82
51 83
51 85
51 92
51 93
51 95
51 97
51 98
51 99
51 249
51 325
51 330
51 379
51 405
51 482
52 53
52 55
52 59
52 60
52 61
52 62
52 63
52 66
52 67
52 68
52 69
52 72
52 73
52 74
52 77
52 80
52 81
52 83
52 87
52 88
52 91
52 92
52 93
52 94
52 95
52 96
52 99
52 137
52 140
52 154
52 195
52 289
52 252
52 347
52 365
52 377
52 473
52 490
53 55
53 62
53 63
53 72
53 73
53 74
53 75
53 77
53 80
53 81
53 82
53 83
53 84
53 86
53 89
53 90
53 92
53 94
53 96
53 108
53 157
53 233
53 276
53 282
53 295
53 384
53 390
53 394
53 363
53 460
53 488
53 492
54 55
54 57
54 58
54 59
54 60
54 65
54 67
54 68
54 70
54 71
54 72
54 80
54 82
54 86
54 87
54 92
54 93
54 96
54 99
54 156
54 163
54 170
54 243
54 282
54 293
54 310
54 332
54 425
54 451
54 473
54 490
55 57
55 59
55 60
55 61
55 64
55 65
55 71
55 75
55 77
55 79
55 84
55 85
55 86
55 88
55 89
55 90
55 93
55 95
55 96
55 99
55 190
55 219
55 237
55 244
55 316
55 395
55 381
55 383
55 477
56 57
56 59
56 61
56 64
56 68
56 71
56 73
56 74
56 78
56 79
56 80
56 81
56 83
56 85
56 86
56 87
56 92
56 93
56 95
56 96
56 98
56 99
56 108
56 158
56 177
56 216
56 235
56 318
56 455
56 475
56 483
57 58
57 59
57 60
57 62
57 63
57 64
57 65
57 66
57 67
57 68
57 69
57 73
57 74
57 75
57 76
57 81
57 84
57 88
57 89
57 91
57 92
57 94
57 96
57 97
57 98
57 99
57 140
57 114
57 216
57 245
57 258
57 277
57 280
57 285
57 367
57 370
57 401
58 62
58 63
58 64
58 66
58 67
58 68
58 71
58 73
58 80
58 81
58 85
58 86
58 87
58 89
58 95
58 96
58 151
58 176
58 213
58 283
58 300
58 308
58 363
58 421
58 450
58 483
59 63
59 64
59 65
59 66
59 72
59 73
59 75
59 76
59 81
59 83
59 88
59 89
59 90
59 91
59 93
59 94
59 96
59 99
59 157
59 218
59 286
59 385
59 394
59 401
59 419
59 447
60 62
60 65
60 66
60 70
60 72
60 73
60 78
60 81
60 82
60 87
60 91
60 94
60 96
60 138
60 108
60 167
60 182
60 187
60 192
60 219
60 239
60 287
60 292
60 306
60 311
60 314
60 420
60 421
60 454
61 62
61 64
61 65
61 71
61 72
61 75
61 76
61 77
61 78
61 79
61 81
61 82
61 86
61 88
61 90
61 91
61 93
61 132
61 106
61 209
61 287
61 349
61 393
61 472
62 63
62 64
62 65
62 67
62 68
62 69
62 70
62 71
62 72
62 73
62 74
62 76
62 80
62 81
62 82
62 85
62 87
62 88
62 91
62 95
62 96
62 186
62 231
62 274
62 303
62 423
63 64
63 65
63 66
63 67
63 69
63 72
63 73
63 76
63 77
63 81
63 82
63 83
63 84
63 86
63 89
63 90
63 91
63 93
63 97
63 98
63 111
63 177
63 249
63 271
63 308
63 318
63 384
63 365
63 370
63 372
63 414
63 440
64 65
64 66
64 67
64 70
64 71
64 73
64 77
64 78
64 80
64 83
64 85
64 86
64 87
64 88
64 91
64 92
64 97
64 98
64 99
64 104
64 224
64 232
64 276
64 282
64 315
64 349
64 390
64 400
64 406
64 426
64 444
64 449
64 461
65 68
65 69
65 71
65 72
65 73
65 77
65 79
65 81
65 83
65 86
65 88
65 89
65 90
65 91
65 95
65 96
65 97
65 99
65 178
65 231
65 266
65 293
65 314
65 340
65 359
65 369
65 409
65 432
66 67
66 69
66 74
66 75
66 76
66 77
66 79
66 80
66 81
66 85
66 86
66 90
66 99
66 139
66 121
66 160
66 178
66 193
66 281
66 302
66 341
66 360
66 450
66 462
67 68
67 71
67 73
67 77
67 78
67 79
67 80
67 85
67 87
67 88
67 90
67 91
67 92
67 93
67 96
67 98
67 99
67 113
67 204
67 277
67 366
67 459
68 71
68 79
68 80
68 82
68 85
68 86
68 87
68 88
68 90
68 92
68 94
68 98
68 99
68 110
68 116
68 265
68 270
68 388
68 372
68 459
69 70
69 71
69 72
69 73
69 74
69 76
69 77
69 79
69 80
69 81
69 84
69 85
69 86
69 89
69 91
69 93
69 96
69 98
69 136
69 162
69 230
69 273
69 288
69 307
69 350
69 352
69 415
69 490
70 71
70 75
70 76
70 81
70 83
70 84
70 87
70 91
70 92
70 93
70 95
70 96
70 97
70 99
70 207
70 234
70 252
70 302
70 308
70 318
70 322
70 344
70 402
70 463
71 74
71 75
71 76
71 78
71 79
71 82
71 85
71 88
71 89
71 90
71 92
71 96
71 97
71 98
71 128
71 146
71 147
71 153
71 173
71 181
71 205
71 231
71 249
71 256
71 288
71 341
71 450
72 73
72 74
72 75
72 76
72 79
72 80
72 85
72 87
72 92
72 93
72 94
72 97
72 98
72 99
72 139
72 100
72 118
72 152
72 205
72 289
72 322
72 388
72 394
72 379
72 412
72 414
72 422
73 77
73 78
73 81
73 86
73 87
73 88
73 90
73 91
73 93
73 99
73 149
73 203
73 213
73 275
73 288
73 295
73 254
73 302
73 386
73 392
73 355
73 417
73 471
74 75
74 76
74 77
74 78
74 81
74 86
74 89
74 90
74 91
74 93
74 97
74 137
74 151
74 225
74 311
74 317
74 387
74 364
74 461
74 470
74 482
74 484
74 491
75 79
75 81
75 89
75 90
75 91
75 94
75 95
75 96
75 97
75 98
75 99
75 101
75 221
75 289
75 291
75 386
75 375
75 413
75 437
75 470
75 480
75 491
76 77
76 78
76 80
76 82
76 83
76 84
76 86
76 88
76 92
76 93
76 94
76 95
76 97
76 98
76 138
76 155
76 178
76 201
76 229
76 242
76 272
76 275
76 335
76 390
76 397
76 431
76 445
76 478
77 78
77 79
77 81
77 83
77 84
77 86
77 87
77 88
77 91
77 95
77 97
77 98
77 143
77 123
77 192
77 299
77 252
77 331
77 332
77 393
77 395
77 369
77 403
77 425
77 434
77 468
77 493
78 79
78 80
78 81
78 82
78 83
78 86
78 87
78 88
78 92
78 93
78 95
78 98
78 99
78 140
78 145
78 155
78 307
78 310
78 370
78 477
78 497
79 81
79 85
79 86
79 89
79 91
79 93
79 98
79 126
79 155
79 163
79 168
79 195
79 244
79 271
79 277
79 456
79 460
79 479
80 83
80 85
80 86
80 88
80 89
80 90
80 91
80 92
80 93
80 97
80 98
80 99
80 135
80 147
80 117
80 160
80 172
80 192
80 207
80 216
80 282
80 290
80 396
80 360
80 456
81 82
81 83
81 87
81 90
81 92
81 94
81 95
81 96
81 97
81 99
81 161
81 199
81 363
81 372
81 375
81 432
81 470
82 89
82 90
82 91
82 93
82 94
82 97
82 136
82 154
82 266
82 273
82 291
82 321
82 330
82 369
82 443
82 459
83 86
83 88
83 93
83 97
83 98
83 176
83 300
83 307
83 320
83 321
83 360
83 428
83 472
83 486
84 86
84 89
84 90
84 92
84 94
84 96
84 146
84 279
84 282
84 317
84 330
84 338
84 360
84 410
84 419
84 462
85 87
85 89
85 91
85 93
85 95
85 96
85 97
85 152
85 166
85 239
85 267
85 304
85 314
85 323
85 367
85 368
85 376
85 383
85 442
85 490
86 94
86 96
86 98
86 99
86 129
86 127
86 181
86 213
86 288
86 296
86 328
86 416
86 442
87 88
87 89
87 94
87 95
87 98
87 159
87 164
87 331
87 411
87 465
88 90
88 91
88 92
88 93
88 95
88 97
88 98
88 99
88 129
88 138
88 157
88 170
88 176
88 194
88 319
88 382
89 90
89 91
89 92
89 94
89 98
89 133
89 229
89 267
89 385
89 394
89 353
89 357
90 94
90 95
90 98
90 99
90 109
90 111
90 126
90 194
90 394
90 440
90 464
91 94
91 95
91 96
91 99
91 136
91 115
91 172
91 182
91 183
91 212
91 218
91 253
91 325
91 330
91 339
92 93
92 95
92 96
92 97
92 98
92 99
92 166
92 266
92 351
92 375
92 455
92 475
92 494
93 95
93 96
93 98
93 99
93 112
93 239
93 244
93 324
93 333
93 351
93 420
93 471
93 481
94 96
94 99
94 135
94 119
94 186
94 211
94 223
94 240
94 266
94 279
94 330
94 365
94 378
94 379
94 457
95 117
95 180
95 202
95 215
95 220
95 301
95 331
95 393
95 353
95 364
95 373
95 420
95 464
95 476
96 97
96 99
96 159
96 163
96 213
96 277
96 280
96 315
96 336
96 341
96 409
96 431
96 444
96 468
97 119
97 203
97 221
97 248
97 328
97 350
97 371
97 412
98 99
98 117
98 177
98 181
98 215
98 263
98 287
98 392
98 398
98 383
98 498
99 121
99 166
99 207
99 244
99 256
99 298
99 405
99 411
128 129
128 136
128 139
128 140
128 141
128 144
128 145
128 146
128 147
128 149
128 100
128 102
128 103
128 106
128 108
128 109
128 110
128 112
128 113
128 114
128 117
128 119
128 121
128 124
128 125
128 126
128 187
128 188
128 239
128 245
128 262
128 299
128 332
128 386
128 407
128 408
128 413
128 432
129 133
129 135
129 136
129 137
129 139
129 141
129 144
129 146
129 147
129 149
129 100
129 101
129 103
129 105
129 106
129 107
129 108
129 109
129 116
129 119
129 121
129 125
129 126
129 182
129 222
129 246
129 272
129 273
129 276
129 296
129 388
129 368
129 475
130 131
130 132
130 136
130 138
130 139
130 142
130 146
130 101
130 103
130 104
130 106
130 108
130 110
130 115
130 116
130 118
130 121
130 122
130 123
130 124
130 125
130 126
130 127
130 200
130 222
130 259
130 278
130 324
130 341
130 343
130 372
130 411
130 433
130 461
131 132
131 134
131 135
131 138
131 140
131 142
131 143
131 144
131 146
131 148
131 149
131 101
131 105
131 108
131 109
131 111
131 112
131 114
131 116
131 119
131 123
131 124
131 170
131 173
131 188
131 205
131 265
131 330
131 389
131 381
131 400
131 404
131 420
131 457
131 469
131 486
132 135
132 139
132 140
132 141
132 142
132 143
132 144
132 149
132 100
132 101
132 107
132 113
132 116
132 124
132 125
132 127
132 154
132 227
132 255
132 385
132 446
133 141
133 147
133 148
133 149
133 102
133 103
133 107
133 109
133 110
133 111
133 112
133 117
133 118
133 119
133 120
133 121
133 122
133 126
133 127
133 151
133 246
133 377
134 136
134 137
134 138
134 140
134 141
134 142
134 144
134 145
134 147
134 148
134 149
134 101
134 105
134 110
134 112
134 113
134 114
134 115
134 116
134 117
134 119
134 120
134 121
134 124
134 126
134 127
134 168
134 183
134 225
134 271
134 322
134 348
134 397
134 398
134 453
135 137
135 141
135 142
135 143
135 144
135 147
135 148
135 149
135 100
135 101
135 102
135 104
135 107
135 108
135 110
135 113
135 116
135 120
135 121
135 122
135 123
135 185
135 272
135 317
135 390
135 366
135 377
135 432
135 441
135 495
136 137
136 138
136 142
136 144
136 146
136 100
136 101
136 103
136 104
136 105
136 108
136 110
136 112
136 115
136 116
136 117
136 121
136 127
136 156
136 286
136 289
136 311
136 316
136 319
136 435
136 472
137 140
137 141
137 142
137 143
137 144
137 145
137 146
137 147
137 149
137 100
137 101
137 103
137 106
137 107
137 108
137 109
137 113
137 114
137 115
137 116
137 122
137 124
137 127
137 204
137 233
137 239
137 255
137 301
137 330
137 357
137 431
138 141
138 142
138 143
138 144
138 145
138 146
138 148
138 100
138 102
138 103
138 104
138 107
138 110
138 112
138 114
138 115
138 119
138 120
138 123
138 124
138 155
138 190
138 229
138 237
138 249
138 316
138 332
138 388
138 395
138 351
138 378
138 425
138 429
138 437
138 447
138 466
138 490
139 142
139 146
139 149
139 101
139 103
139 105
139 107
139 108
139 109
139 111
139 116
139 118
139 121
139 122
139 124
139 125
139 126
139 127
139 159
139 184
139 208
139 266
139 282
139 284
139 253
139 388
139 365
139 381
139 427
139 428
139 454
139 474
140 141
140 142
140 145
140 146
140 148
140 149
140 100
140 101
140 103
140 104
140 105
140 108
140 109
140 112
140 113
140 114
140 115
140 116
140 119
140 120
140 153
140 204
140 225
140 243
140 254
140 390
140 401
140 406
140 408
140 430
141 142
141 143
141 144
141 145
141 146
141 102
141 105
141 107
141 109
141 110
141 114
141 115
141 117
141 118
141 119
141 122
141 123
141 126
141 164
141 197
141 263
141 300
141 402
141 404
142 143
142 145
142 147
142 100
142 102
142 107
142 108
142 109
142 111
142 112
142 113
142 114
142 115
142 116
142 117
142 119
142 122
142 123
142 124
142 125
142 126
142 127
142 239
142 291
142 300
142 310
142 397
143 145
143 146
143 148
143 149
143 101
143 102
143 103
143 104
143 105
143 107
143 108
143 113
143 114
143 115
143 116
143 118
143 121
143 123
143 124
143 127
143 259
143 289
143 251
143 328
143 468
143 471
144 145
144 147
144 149
144 101
144 104
144 105
144 106
144 108
144 111
144 112
144 114
144 115
144 116
144 122
144 127
144 161
144 213
144 230
144 244
144 281
144 251
144 304
144 396
144 400
144 426
144 478
145 147
145 148
145 149
145 100
145 101
145 102
145 103
145 105
145 106
145 108
145 109
145 110
145 111
145 113
145 114
145 117
145 119
145 120
145 125
145 318
145 461
145 488
145 489
146 148
146 149
146 104
146 108
146 110
146 113
146 115
146 116
146 117
146 122
146 123
146 124
146 126
146 127
146 168
146 375
146 380
146 415
146 424
146 427
146 488
147 100
147 102
147 105
147 111
147 112
147 113
147 116
147 117
147 118
147 120
147 124
147 125
147 126
147 184
147 227
147 308
147 346
147 402
147 456
147 464
147 488
148 100
148 102
148 103
148 104
148 106
148 108
148 110
148 111
148 113
148 114
148 116
148 120
148 122
148 123
148 124
148 126
148 153
148 163
148 185
148 208
148 239
148 321
148 393
148 372
148 403
148 408
149 100
149 102
149 103
149 104
149 105
149 106
149 116
149 117
149 119
149 127
149 178
149 225
149 237
149 239
149 292
149 250
149 327
149 365
149 451
100 101
100 102
100 103
100 104
100 105
100 107
100 108
100 113
100 116
100 117
100 122
100 125
100 126
100 127
100 264
100 322
100 355
100 403
100 413
100 455
101 102
101 106
101 107
101 108
101 109
101 110
101 111
101 112
101 117
101 123
101 124
101 125
101 126
101 282
101 285
101 286
101 305
101 319
101 399
101 355
101 490
102 103
102 104
102 107
102 108
102 109
102 113
102 115
102 120
102 123
102 233
102 237
102 256
102 264
102 265
102 348
102 445
102 453
102 483
103 104
103 107
103 108
103 109
103 110
103 111
103 112
103 113
103 114
103 116
103 117
103 118
103 119
103 121
103 122
103 123
103 124
103 125
103 126
103 127
103 183
103 199
103 200
103 240
103 265
103 321
103 343
103 345
103 399
103 362
103 406
103 418
103 428
103 446
103 480
103 484
104 105
104 107
104 115
104 116
104 117
104 118
104 119
104 120
104 121
104 123
104 156
104 286
104 316
104 391
104 364
105 107
105 108
105 111
105 113
105 115
105 116
105 119
105 122
105 124
105 125
105 126
105 201
105 224
105 283
105 285
105 304
105 335
105 396
105 357
105 383
105 417
105 426
105 451
106 108
106 109
106 110
106 113
106 114
106 116
106 118
106 121
106 122
106 123
106 125
106 126
106 127
106 200
106 203
106 205
106 216
106 222
106 238
106 249
106 286
106 306
106 333
106 370
106 439
106 447
106 487
107 108
107 113
107 114
107 117
107 118
107 119
107 120
107 123
107 124
107 125
107 199
107 226
107 241
107 270
107 277
107 300
107 357
107 417
107 425
107 457
107 496
108 109
108 111
108 112
108 114
108 115
108 122
108 124
108 125
108 170
108 226
108 230
108 234
108 235
108 299
108 301
108 393
108 368
108 401
108 487
109 110
109 111
109 113
109 114
109 117
109 118
109 120
109 122
109 124
109 125
109 126
109 165
109 242
109 282
109 310
109 311
109 314
109 327
109 328
109 329
109 377
109 378
109 459
109 480
110 113
110 117
110 118
110 119
110 121
110 123
110 124
110 125
110 152
110 165
110 288
110 334
110 385
110 381
111 112
111 113
111 114
111 117
111 126
111 150
111 175
111 191
111 206
111 227
111 275
111 277
111 329
111 333
111 347
111 358
111 376
111 430
111 434
112 113
112 114
112 115
112 116
112 117
112 121
112 123
112 125
112 126
112 159
112 190
112 219
112 262
112 356
112 408
112 442
112 495
113 114
113 115
113 119
113 121
113 122
113 123
113 125
113 166
113 185
113 208
113 219
113 236
113 243
113 326
113 336
113 379
113 425
113 449
114 116
114 117
114 118
114 120
114 121
114 126
114 127
114 202
114 232
114 278
114 283
114 290
114 398
114 365
114 410
114 492
115 116
115 117
115 120
115 121
115 124
115 126
115 127
115 285
115 305
115 388
115 366
115 408
115 444
116 117
116 118
116 120
116 121
116 124
116 226
116 321
116 342
116 398
116 399
117 118
117 119
117 120
117 127
117 164
117 212
117 222
117 413
117 444
117 469
118 120
118 127
118 214
118 222
118 261
118 291
118 308
118 349
118 396
118 352
118 405
119 122
119 123
119 124
119 126
119 127
119 211
119 220
119 232
119 249
119 260
119 295
120 121
120 123
120 127
120 171
120 325
120 341
120 436
120 443
120 460
121 122
121 123
121 124
121 125
121 127
121 153
121 168
121 171
121 198
121 312
121 317
121 475
121 479
122 123
122 127
122 165
122 169
122 257
122 420
123 124
123 125
123 126
123 127
123 315
123 316
123 363
123 375
123 446
123 486
124 127
124 165
124 205
124 209
124 256
124 269
124 295
124 315
124 358
125 126
125 127
125 201
125 263
125 385
125 411
125 424
125 440
125 447
125 455
125 478
126 127
126 151
126 182
126 264
126 299
126 469
126 486
127 156
127 200
127 294
127 312
127 359
127 361
127 417
127 422
150 152
150 153
150 154
150 156
150 157
150 158
150 160
150 162
150 163
150 164
150 168
150 170
150 171
150 172
150 174
150 176
150 178
150 179
150 182
150 183
150 186
150 187
150 195
150 198
150 199
150 227
150 344
150 408
150 430
150 475
151 152
151 157
151 162
151 165
151 169
151 170
151 171
151 173
151 175
151 176
151 177
151 189
151 190
151 192
151 193
151 196
151 197
151 198
151 199
151 243
151 265
151 281
151 285
151 319
151 385
151 369
151 461
152 153
152 155
152 156
152 161
152 164
152 166
152 168
152 169
152 170
152 171
152 173
152 175
152 176
152 177
152 179
152 180
152 182
152 183
152 184
152 185
152 186
152 188
152 191
152 194
152 199
152 249
152 266
152 272
152 300
152 335
152 338
152 344
152 349
152 387
152 397
152 366
152 417
152 450
152 490
153 155
153 156
153 158
153 159
153 160
153 161
153 166
153 170
153 171
153 175
153 176
153 179
153 180
153 182
153 183
153 184
153 185
153 186
153 187
153 190
153 191
153 194
153 195
153 196
153 197
153 198
153 262
153 310
153 356
153 447
153 448
153 457
153 484
154 158
154 159
154 165
154 167
154 168
154 171
154 173
154 175
154 176
154 180
154 183
154 184
154 185
154 187
154 191
154 192
154 194
154 196
154 197
154 198
154 208
154 215
154 276
154 327
154 345
154 414
154 432
154 468
154 485
155 157
155 158
155 160
155 162
155 163
155 164
155 165
155 167
155 170
155 171
155 173
155 174
155 175
155 176
155 177
155 179
155 180
155 181
155 183
155 184
155 187
155 188
155 189
155 194
155 195
155 196
155 197
155 204
155 211
155 262
155 280
155 290
155 337
155 342
155 350
155 352
155 381
155 412
155 478
156 158
156 161
156 165
156 169
156 176
156 177
156 178
156 179
156 181
156 182
156 183
156 184
156 185
156 189
156 191
156 192
156 195
156 196
156 197
156 199
156 202
156 257
156 337
156 365
156 377
156 409
156 416
156 419
156 458
157 159
157 160
157 162
157 164
157 165
157 166
157 167
157 169
157 173
157 174
157 175
157 176
157 179
157 182
157 187
157 189
157 191
157 192
157 195
157 198
157 199
157 200
157 217
157 309
157 317
157 390
157 355
157 356
157 364
157 427
157 454
157 481
157 486
158 159
158 160
158 161
158 163
158 164
158 166
158 167
158 174
158 175
158 176
158 177
158 178
158 183
158 188
158 189
158 190
158 192
158 193
158 194
158 196
158 197
158 198
158 205
158 214
158 233
158 248
158 267
158 277
158 314
158 384
158 422
159 160
159 162
159 165
159 166
159 167
159 168
159 174
159 177
159 180
159 181
159 182
159 183
159 184
159 186
159 188
159 191
159 193
159 194
159 195
159 200
159 207
159 370
159 378
159 420
159 421
159 444
159 482
160 161
160 170
160 171
160 176
160 177
160 183
160 185
160 188
160 193
160 194
160 195
160 197
160 199
160 202
160 235
160 241
160 246
160 261
160 302
160 345
160 356
160 379
160 407
160 452
161 166
161 168
161 170
161 171
161 174
161 176
161 177
161 178
161 193
161 197
161 198
161 199
161 222
161 248
161 251
161 354
161 403
161 474
161 478
161 487
162 164
162 165
162 166
162 168
162 170
162 172
162 175
162 176
162 177
162 178
162 183
162 184
162 185
162 187
162 190
162 191
162 194
162 195
162 198
162 300
162 344
162 345
162 367
162 400
162 413
162 422
162 475
162 477
163 165
163 166
163 168
163 169
163 170
163 173
163 174
163 178
163 179
163 181
163 182
163 184
163 187
163 189
163 194
163 196
163 197
163 199
163 266
163 302
163 325
163 333
163 392
163 374
163 379
163 382
163 383
164 165
164 169
164 170
164 171
164 172
164 173
164 176
164 177
164 178
164 181
164 182
164 183
164 186
164 187
164 188
164 189
164 196
164 197
164 198
164 202
164 289
164 312
164 315
164 360
164 403
164 409
164 427
164 496
165 166
165 167
165 168
165 169
165 170
165 171
165 174
165 178
165 179
165 181
165 182
165 183
165 190
165 192
165 193
165 194
165 195
165 196
165 197
165 199
165 217
165 322
165 327
165 362
165 427
165 467
166 168
166 171
166 172
166 173
166 174
166 175
166 177
166 178
166 179
166 181
166 182
166 184
166 186
166 188
166 189
166 193
166 198
166 258
166 301
166 445
166 448
166 461
166 471
166 472
167 168
167 169
167 170
167 171
167 172
167 173
167 176
167 179
167 181
167 182
167 183
167 187
167 189
167 193
167 194
167 196
167 198
167 199
167 206
167 275
167 251
167 343
167 360
167 425
167 474
167 495
168 169
168 170
168 174
168 175
168 176
168 178
168 179
168 181
168 183
168 184
168 185
168 186
168 187
168 188
168 192
168 193
168 194
168 195
168 196
168 197
168 198
168 199
168 203
168 258
168 285
168 253
168 325
168 410
168 463
169 170
169 174
169 175
169 176
169 177
169 180
169 183
169 185
169 187
169 191
169 192
169 193
169 195
169 196
169 197
169 198
169 264
169 265
169 324
169 410
169 428
169 462
170 172
170 173
170 174
170 175
170 176
170 177
170 179
170 184
170 186
170 187
170 188
170 189
170 194
170 195
170 196
170 198
170 199
170 269
170 272
170 337
170 347
170 370
170 463
171 173
171 177
171 179
171 180
171 182
171 183
171 187
171 189
171 192
171 195
171 197
171 199
171 225
171 290
171 374
172 173
172 174
172 175
172 176
172 177
172 179
172 180
172 182
172 188
172 190
172 194
172 196
172 197
172 198
172 199
172 204
172 321
172 341
172 459
172 462
172 492
173 174
173 175
173 176
173 177
173 178
173 179
173 180
173 182
173 183
173 186
173 188
173 189
173 191
173 193
173 195
173 196
173 197
173 199
173 259
173 269
173 316
173 341
173 424
173 428
173 449
173 457
173 467
174 177
174 178
174 179
174 182
174 184
174 186
174 187
174 188
174 190
174 191
174 192
174 193
174 194
174 195
174 196
174 199
174 359
174 373
174 472
175 176
175 180
175 186
175 187
175 189
175 193
175 194
175 275
175 280
175 285
175 250
175 311
175 326
175 354
175 363
175 371
175 490
176 177
176 179
176 181
176 182
176 184
176 187
176 188
176 193
176 197
176 266
176 297
176 308
176 333
176 337
176 338
176 353
176 481
177 178
177 179
177 182
177 185
177 192
177 194
177 195
177 196
177 198
177 309
177 338
177 339
177 384
177 361
177 379
177 452
177 479
178 180
178 181
178 185
178 186
178 188
178 190
178 192
178 194
178 195
178 197
178 198
178 199
178 213
178 360
178 362
179 183
179 185
179 186
179 188
179 190
179 191
179 193
179 194
179 196
179 199
179 206
179 257
179 252
179 366
179 469
179 470
179 471
179 478
180 181
180 182
180 185
180 186
180 188
180 189
180 191
180 193
180 194
180 197
180 199
180 264
180 287
180 331
180 406
181 185
181 187
181 188
181 192
181 194
181 198
181 199
181 201
181 287
181 452
181 489
181 498
181 499
182 183
182 187
182 192
182 193
182 195
182 197
182 198
182 199
182 210
182 227
182 306
182 321
182 352
182 354
182 422
182 444
182 470
183 185
183 186
183 188
183 189
183 190
183 195
183 197
183 233
183 260
183 320
183 349
183 492
183 497
184 186
184 187
184 188
184 189
184 190
184 194
184 196
184 198
184 199
184 275
184 252
184 319
184 356
184 404
184 498
185 186
185 188
185 189
185 191
185 192
185 193
185 195
185 196
185 197
185 198
185 199
185 267
185 270
185 281
185 296
185 307
185 329
185 376
185 400
185 406
185 416
185 444
185 457
185 475
186 190
186 194
186 195
186 198
186 199
186 265
186 266
186 287
186 298
186 327
186 380
186 400
186 423
186 470
186 491
187 189
187 190
187 194
187 196
187 247
187 286
187 388
187 426
187 428
187 482
188 191
188 192
188 193
188 194
188 195
188 196
188 197
188 198
188 199
188 205
188 231
188 237
188 304
188 323
188 386
188 354
188 361
188 454
188 465
188 479
189 190
189 192
189 193
189 196
189 197
189 198
189 242
189 268
189 349
189 387
189 446
189 452
189 466
189 476
190 193
190 194
190 195
190 197
190 240
190 260
190 270
190 299
190 399
190 377
190 467
191 192
191 194
191 195
191 197
191 279
191 323
191 330
191 341
191 483
191 499
192 195
192 196
192 295
192 407
192 412
192 437
192 443
193 196
193 199
193 235
193 288
193 250
193 337
193 403
193 416
193 418
193 465
193 483
193 496
194 196
194 198
194 214
194 219
194 287
194 300
194 309
194 317
194 337
194 384
194 376
194 413
194 433
194 438
194 492
195 199
195 313
195 334
195 447
196 198
196 260
196 262
196 265
196 272
196 252
196 253
196 332
196 398
196 454
196 467
196 469
196 481
196 487
197 199
197 305
197 315
197 349
197 386
197 468
198 476
199 232
199 263
199 281
199 342
199 353
199 370
200 201
200 202
200 204
200 206
200 210
200 211
200 213
200 214
200 215
200 216
200 220
200 221
200 222
200 223
200 227
200 228
200 229
200 230
200 232
200 234
200 236
200 237
200 238
200 239
200 243
200 249
200 291
200 320
200 344
200 368
200 420
200 445
200 479
201 204
201 207
201 208
201 210
201 211
201 213
201 215
201 217
201 223
201 225
201 226
201 227
201 228
201 229
201 231
201 235
201 236
201 237
201 242
201 244
201 246
201 341
201 363
201 435
202 204
202 207
202 208
202 209
202 210
202 211
202 214
202 215
202 218
202 219
202 220
202 221
202 223
202 224
202 227
202 230
202 233
202 235
202 236
202 239
202 241
202 242
202 243
202 246
202 248
202 355
202 403
202 443
202 464
203 205
203 209
203 212
203 213
203 218
203 219
203 221
203 222
203 224
203 226
203 227
203 230
203 233
203 234
203 235
203 237
203 245
203 246
203 247
203 296
203 298
203 385
203 388
203 458
203 464
203 470
203 473
203 491
203 497
204 205
204 207
204 209
204 210
204 211
204 213
204 214
204 216
204 220
204 222
204 223
204 227
204 229
204 231
204 233
204 234
204 235
204 236
204 238
204 240
204 241
204 243
204 245
204 246
204 247
204 248
204 286
204 326
204 441
204 448
204 479
205 206
205 209
205 211
205 213
205 214
205 218
205 219
205 220
205 221
205 224
205 227
205 232
205 233
205 234
205 236
205 237
205 240
205 241
205 242
205 243
205 245
205 247
205 249
205 257
205 265
205 276
205 323
205 355
205 405
205 450
205 471
205 473
205 477
205 478
205 481
206 207
206 209
206 210
206 211
206 212
206 216
206 219
206 220
206 222
206 224
206 227
206 228
206 229
206 231
206 232
206 233
206 234
206 238
206 239
206 241
206 242
206 247
206 291
206 408
206 433
206 495
206 497
207 208
207 209
207 210
207 211
207 212
207 213
207 214
207 215
207 216
207 219
207 220
207 221
207 224
207 225
207 227
207 229
207 230
207 232
207 233
207 234
207 236
207 237
207 238
207 239
207 240
207 241
207 243
207 244
207 313
207 314
207 345
207 392
207 394
207 377
208 209
208 212
208 214
208 216
208 217
208 221
208 225
208 226
208 227
208 231
208 232
208 233
208 238
208 241
208 242
208 244
208 246
208 259
208 272
208 303
208 310
208 333
208 357
208 383
208 417
208 430
209 210
209 212
209 213
209 214
209 215
209 217
209 219
209 220
209 221
209 223
209 226
209 230
209 231
209 232
209 237
209 238
209 239
209 240
209 242
209 244
209 245
209 259
209 279
209 292
209 337
209 355
209 413
209 456
210 214
210 215
210 219
210 224
210 225
210 226
210 227
210 228
210 231
210 233
210 236
210 240
210 241
210 242
210 243
210 244
210 247
210 248
210 249
210 259
210 272
210 311
210 320
210 403
210 406
210 414
210 422
210 431
210 445
210 460
210 470
210 471
211 213
211 214
211 216
211 221
211 224
211 226
211 228
211 229
211 231
211 234
211 236
211 237
211 242
211 244
211 245
211 247
211 248
211 249
211 268
211 288
211 290
211 329
211 400
211 448
212 214
212 218
212 219
212 220
212 221
212 222
212 224
212 225
212 228
212 231
212 232
212 233
212 234
212 236
212 237
212 240
212 241
212 243
212 248
212 334
212 376
212 380
212 402
212 439
212 461
213 214
213 215
213 217
213 219
213 221
213 223
213 224
213 227
213 228
213 229
213 231
213 233
213 235
213 236
213 238
213 239
213 243
213 244
213 246
213 301
213 314
213 395
213 359
213 362
213 401
213 445
213 461
213 493
214 215
214 216
214 218
214 219
214 222
214 224
214 227
214 228
214 230
214 232
214 234
214 240
214 241
214 244
214 246
214 247
214 248
214 427
214 483
215 216
215 222
215 224
215 227
215 232
215 233
215 236
215 237
215 238
215 240
215 241
215 243
215 244
215 248
215 249
215 354
215 383
215 435
216 217
216 218
216 223
216 224
216 228
216 229
216 231
216 233
216 240
216 243
216 244
216 245
216 248
216 299
216 250
216 451
217 218
217 220
217 222
217 223
217 227
217 228
217 230
217 231
217 236
217 237
217 240
217 247
217 292
217 394
217 424
217 459
217 468
218 219
218 221
218 226
218 227
218 229
218 231
218 235
218 236
218 238
218 240
218 241
218 242
218 248
218 249
218 296
218 341
218 352
218 422
219 220
219 221
219 223
219 225
219 226
219 228
219 230
219 233
219 236
219 237
219 238
219 239
219 240
219 241
219 243
219 244
219 246
219 247
219 262
219 311
219 341
219 490
219 499
220 221
220 222
220 226
220 227
220 228
220 230
220 232
220 233
220 237
220 239
220 240
220 241
220 247
220 248
220 249
220 273
220 309
220 321
220 444
220 495
221 224
221 225
221 227
221 229
221 232
221 234
221 235
221 236
221 239
221 240
221 241
221 243
221 246
221 247
221 248
221 249
221 286
221 251
221 356
221 373
221 443
221 461
221 469
221 489
222 225
222 226
222 227
222 230
222 231
222 233
222 234
222 235
222 236
222 238
222 239
222 240
222 241
222 242
222 244
222 246
222 247
222 249
222 274
222 292
222 298
222 384
222 389
222 350
222 371
222 374
222 440
222 498
223 225
223 228
223 229
223 232
223 233
223 234
223 235
223 236
223 238
223 239
223 240
223 241
223 243
223 245
223 248
223 249
223 320
223 366
223 464
223 482
223 486
224 226
224 227
224 228
224 229
224 233
224 236
224 237
224 238
224 245
224 246
224 247
224 248
224 364
224 447
224 487
225 226
225 227
225 228
225 231
225 232
225 234
225 235
225 236
225 237
225 239
225 240
225 243
225 245
225 246
225 247
225 362
225 420
225 428
225 449
226 227
226 229
226 231
226 236
226 238
226 240
226 242
226 243
226 244
226 245
226 268
226 385
227 228
227 230
227 231
227 235
227 236
227 239
227 240
227 243
227 244
227 245
227 257
227 443
227 476
228 231
228 233
228 234
228 239
228 241
228 248
228 258
228 266
228 254
228 301
228 360
228 499
229 230
229 232
229 233
229 234
229 237
229 240
229 242
229 243
229 245
229 297
229 324
229 387
229 367
229 401
229 451
229 470
230 231
230 232
230 233
230 235
230 236
230 238
230 239
230 240
230 242
230 245
230 247
230 248
230 269
230 292
230 317
230 347
230 390
230 393
230 359
230 402
230 457
230 473
231 232
231 234
231 236
231 237
231 238
231 240
231 243
231 244
231 245
231 247
231 248
231 322
231 333
231 356
231 401
231 415
231 469
232 234
232 235
232 236
232 238
232 241
232 242
232 243
232 245
232 247
232 248
232 279
232 289
232 292
232 254
232 321
232 324
232 335
232 337
232 345
232 387
232 366
232 370
232 402
233 234
233 235
233 237
233 238
233 239
233 242
233 243
233 245
233 248
233 250
233 308
233 341
233 342
233 389
233 383
233 458
233 480
233 484
234 239
234 240
234 241
234 245
234 246
234 248
234 249
234 296
234 334
234 388
234 417
234 433
235 237
235 241
235 242
235 243
235 244
235 247
235 249
235 445
235 446
235 492
236 238
236 239
236 240
236 241
236 242
236 243
236 245
236 248
236 295
236 310
236 316
236 349
236 368
236 483
237 239
237 240
237 241
237 244
237 306
237 338
237 346
237 465
237 486
237 489
237 497
237 499
238 240
238 241
238 242
238 245
238 247
238 249
238 267
238 273
238 392
238 481
239 240
239 241
239 242
239 243
239 244
239 245
239 248
239 249
239 292
239 396
239 398
239 354
239 403
239 412
239 440
239 468
239 480
240 241
240 242
240 243
240 247
240 276
240 302
240 363
240 445
240 494
241 247
241 248
241 249
241 251
241 386
241 481
242 243
242 245
242 246
242 249
242 268
242 326
242 388
242 391
242 361
242 375
242 378
242 423
243 244
243 245
243 246
243 248
243 288
243 298
243 308
243 317
243 325
243 387
243 391
243 440
243 455
244 245
244 246
244 370
244 442
245 249
245 316
245 376
245 382
245 451
245 461
246 248
246 269
246 344
246 389
246 350
246 364
246 371
247 269
247 312
247 352
247 407
247 413
248 295
248 339
248 426
248 480
248 495
249 271
249 313
249 398
249 362
249 454
249 457
249 465
249 474
249 477
256 257
256 258
256 259
256 260
256 261
256 263
256 266
256 267
256 268
256 273
256 274
256 276
256 277
256 281
256 282
256 286
256 287
256 291
256 292
256 297
256 299
256 250
256 254
256 255
256 344
256 351
256 407
256 452
257 258
257 267
257 268
257 269
257 272
257 275
257 276
257 277
257 278
257 279
257 281
257 287
257 288
257 289
257 291
257 293
257 294
257 295
257 296
257 251
257 252
257 254
257 307
257 328
257 344
257 419
257 439
257 465
258 268
258 272
258 274
258 282
258 283
258 286
258 287
258 288
258 289
258 291
258 292
258 293
258 295
258 297
258 250
258 255
258 318
258 347
258 361
258 371
258 373
259 262
259 266
259 267
259 270
259 272
259 273
259 274
259 277
259 279
259 280
259 281
259 282
259 283
259 285
259 287
259 288
259 296
259 298
259 299
259 250
259 254
259 338
259 344
259 389
259 393
259 353
259 361
259 419
259 468
260 262
260 264
260 266
260 267
260 270
260 275
260 283
260 284
260 285
260 286
260 288
260 289
260 290
260 292
260 294
260 297
260 250
260 252
260 254
260 441
260 473
260 493
260 497
261 262
261 263
261 264
261 265
261 267
261 271
261 275
261 277
261 278
261 279
261 280
261 282
261 284
261 285
261 286
261 287
261 288
261 289
261 291
261 292
261 294
261 297
261 251
261 253
261 254
261 255
261 390
261 421
261 453
261 458
261 469
261 479
262 263
262 265
262 266
262 272
262 273
262 275
262 276
262 277
262 279
262 284
262 285
262 286
262 287
262 288
262 292
262 293
262 294
262 295
262 296
262 297
262 250
262 252
262 253
262 254
262 255
262 311
262 331
262 352
262 416
262 437
262 494
263 266
263 267
263 268
263 270
263 272
263 273
263 274
263 275
263 277
263 279
263 283
263 284
263 285
263 286
263 289
263 291
263 293
263 296
263 250
263 251
263 252
263 301
263 324
263 375
263 430
263 475
264 265
264 267
264 268
264 270
264 274
264 275
264 277
264 278
264 281
264 286
264 289
264 290
264 294
264 295
264 296
264 297
264 298
264 299
264 250
264 251
264 252
264 253
264 254
264 345
264 353
264 411
265 266
265 271
265 276
265 281
265 283
265 285
265 286
265 287
265 291
265 292
265 295
265 297
265 298
265 250
265 251
265 253
265 255
265 331
265 353
265 382
265 411
265 425
265 457
266 268
266 269
266 270
266 272
266 274
266 278
266 279
266 282
266 283
266 284
266 287
266 288
266 289
266 292
266 294
266 295
266 298
266 299
266 250
266 251
266 252
266 253
266 254
266 312
266 330
266 453
266 488
267 271
267 273
267 274
267 275
267 276
267 280
267 281
267 282
267 283
267 285
267 287
267 292
267 293
267 297
267 250
267 251
267 253
267 254
267 310
267 454
267 473
268 272
268 275
268 276
268 278
268 280
268 283
268 285
268 286
268 287
268 288
268 290
268 291
268 292
268 293
268 297
268 299
268 255
268 376
268 415
268 456
269 271
269 272
269 273
269 274
269 277
269 280
269 281
269 286
269 289
269 290
269 291
269 295
269 297
269 298
269 299
269 251
269 253
269 310
269 364
269 453
269 467
269 483
270 271
270 278
270 282
270 285
270 288
270 289
270 291
270 297
270 251
270 253
270 254
270 255
270 350
270 354
270 364
270 461
271 272
271 276
271 278
271 281
271 282
271 284
271 285
271 286
271 289
271 293
271 294
271 296
271 297
271 250
271 251
271 253
271 376
271 418
271 447
272 274
272 278
272 279
272 282
272 283
272 285
272 287
272 288
272 289
272 290
272 293
272 294
272 297
272 298
272 299
272 250
272 251
272 255
272 313
272 336
272 348
272 370
272 374
273 274
273 277
273 279
273 280
273 281
273 282
273 285
273 286
273 287
273 288
273 289
273 290
273 292
273 293
273 295
273 297
273 298
273 251
273 252
273 255
273 411
273 429
273 492
273 497
274 275
274 276
274 277
274 280
274 281
274 283
274 284
274 285
274 286
274 289
274 290
274 291
274 292
274 294
274 299
274 250
274 251
274 254
274 255
274 324
274 385
274 365
274 407
274 470
275 276
275 277
275 278
275 280
275 282
275 283
275 285
275 286
275 287
275 289
275 290
275 291
275 293
275 294
275 297
275 253
275 320
275 331
275 361
275 442
275 490
276 279
276 280
276 282
276 284
276 285
276 287
276 289
276 290
276 292
276 295
276 250
276 251
276 252
276 253
276 313
276 386
276 429
276 438
276 480
277 279
277 280
277 281
277 283
277 285
277 286
277 287
277 289
277 290
277 291
277 292
277 296
277 297
277 299
277 250
277 252
277 349
277 389
277 427
277 445
278 279
278 281
278 282
278 283
278 284
278 285
278 287
278 290
278 292
278 293
278 296
278 297
278 299
278 251
278 252
278 253
278 254
278 310
278 347
278 391
278 465
279 281
279 287
279 288
279 291
279 293
279 296
279 299
279 250
279 252
279 253
279 255
279 423
280 282
280 284
280 285
280 286
280 291
280 292
280 293
280 294
280 295
280 296
280 250
280 327
280 338
280 339
280 443
281 282
281 284
281 287
281 288
281 293
281 294
281 295
281 298
281 299
281 250
281 255
281 337
281 353
281 415
281 452
281 463
282 286
282 287
282 289
282 292
282 293
282 294
282 295
282 298
282 299
282 250
282 251
282 252
282 254
282 255
282 300
282 318
282 347
282 433
282 451
282 483
282 499
283 284
283 285
283 286
283 287
283 290
283 291
283 292
283 293
283 295
283 298
283 299
283 250
283 255
283 313
283 344
283 355
283 403
283 411
283 437
283 486
284 286
284 287
284 291
284 292
284 295
284 299
284 251
284 252
284 253
284 254
284 255
284 319
284 360
284 366
284 470
285 286
285 287
285 288
285 289
285 291
285 293
285 298
285 299
285 250
285 251
285 252
285 254
285 368
285 460
285 498
286 289
286 290
286 291
286 294
286 297
286 299
286 250
286 254
286 255
286 301
286 302
286 390
286 357
286 359
286 379
286 462
287 288
287 290
287 291
287 294
287 295
287 296
287 298
287 250
287 251
287 252
287 253
287 255
287 330
287 367
287 413
287 425
288 293
288 294
288 296
288 297
288 298
288 250
288 251
288 252
288 253
288 255
288 318
288 352
288 374
288 429
289 290
289 294
289 296
289 297
289 299
289 253
289 255
289 417
289 475
290 293
290 295
290 296
290 297
290 298
290 299
290 250
290 251
290 252
290 253
290 255
290 308
290 419
290 488
291 293
291 294
291 296
291 297
291 299
291 250
291 251
291 253
291 302
291 392
291 376
291 446
291 457
291 475
291 481
292 295
292 296
292 297
292 298
292 251
292 253
292 255
292 315
292 415
292 428
293 294
293 295
293 296
293 297
293 299
293 250
293 251
293 252
293 253
293 255
293 306
293 397
293 490
294 295
294 296
294 297
294 298
294 299
294 251
294 252
294 355
295 296
295 297
295 298
295 299
295 252
295 301
295 316
295 361
295 371
295 409
296 298
296 250
296 254
296 308
296 311
296 312
296 388
296 358
296 361
296 400
296 413
296 421
296 423
296 451
297 299
297 250
297 252
297 254
297 369
297 377
298 250
298 252
298 253
298 254
298 255
298 341
298 359
298 361
298 378
298 462
298 465
299 253
299 254
299 301
299 305
299 312
299 398
299 360
250 253
250 316
250 338
250 343
250 348
250 355
250 361
250 368
250 379
250 406
250 471
251 253
251 254
251 255
251 305
251 311
251 325
251 328
251 332
251 339
251 394
251 447
251 492
252 254
252 255
252 333
253 473
254 323
254 365
254 437
254 483
255 450
255 497
300 303
300 306
300 307
300 308
300 309
300 310
300 311
300 312
300 313
300 316
300 317
300 319
300 321
300 323
300 324
300 325
300 327
300 328
300 329
300 330
300 334
300 336
300 337
300 339
300 340
300 342
300 344
300 345
300 346
300 362
300 425
301 303
301 304
301 305
301 309
301 310
301 314
301 315
301 317
301 318
301 319
301 323
301 326
301 328
301 329
301 330
301 331
301 333
301 335
301 336
301 338
301 340
301 341
301 347
301 348
301 360
301 372
301 450
301 457
301 463
301 466
301 495
302 304
302 305
302 306
302 307
302 309
302 310
302 312
302 313
302 316
302 317
302 318
302 322
302 323
302 324
302 327
302 332
302 334
302 335
302 337
302 338
302 339
302 340
302 341
302 342
302 343
302 345
302 347
302 356
302 382
302 407
302 445
303 304
303 310
303 312
303 314
303 315
303 316
303 321
303 323
303 326
303 328
303 329
303 331
303 332
303 334
303 335
303 339
303 345
303 348
303 349
303 393
303 395
303 354
303 451
303 485
304 305
304 306
304 308
304 309
304 310
304 315
304 316
304 317
304 319
304 320
304 326
304 333
304 337
304 338
304 341
304 342
304 343
304 344
304 345
304 347
304 388
304 361
305 306
305 308
305 309
305 310
305 313
305 314
305 315
305 316
305 317
305 318
305 323
305 324
305 325
305 330
305 334
305 337
305 338
305 342
305 349
305 479
306 307
306 308
306 310
306 312
306 313
306 315
306 318
306 319
306 321
306 325
306 326
306 327
306 328
306 329
306 330
306 336
306 344
306 345
306 347
306 348
306 349
306 354
306 374
306 383
306 462
307 309
307 310
307 311
307 312
307 315
307 316
307 317
307 321
307 324
307 325
307 326
307 327
307 329
307 331
307 332
307 333
307 337
307 339
307 342
307 343
307 385
307 354
307 403
307 420
307 427
307 436
307 464
308 310
308 313
308 314
308 317
308 321
308 322
308 325
308 326
308 327
308 328
308 330
308 333
308 334
308 336
308 337
308 340
308 341
308 343
308 344
308 346
308 349
308 372
308 432
308 497
309 310
309 311
309 312
309 313
309 314
309 315
309 318
309 319
309 320
309 321
309 323
309 324
309 326
309 328
309 330
309 331
309 333
309 334
309 337
309 338
309 339
309 340
309 341
309 343
309 344
309 345
309 348
309 349
309 400
309 448
309 492
310 314
310 315
310 320
310 321
310 326
310 327
310 329
310 332
310 336
310 337
310 339
310 340
310 341
310 347
310 348
310 349
310 388
311 312
311 314
311 315
311 316
311 317
311 320
311 324
311 329
311 330
311 335
311 340
311 341
311 342
311 343
311 346
311 348
311 349
311 397
311 364
311 383
311 447
311 495
312 316
312 318
312 321
312 322
312 325
312 326
312 328
312 330
312 334
312 340
312 344
312 345
312 348
312 358
312 401
312 453
312 499
313 314
313 316
313 318
313 325
313 329
313 330
313 333
313 335
313 336
313 342
313 343
313 344
313 345
313 347
313 348
313 349
313 391
313 383
313 407
313 450
314 315
314 316
314 319
314 322
314 325
314 329
314 330
314 331
314 333
314 334
314 338
314 339
314 340
314 342
314 344
314 394
314 366
314 401
314 475
314 499
315 316
315 317
315 318
315 320
315 321
315 323
315 324
315 325
315 328
315 329
315 331
315 335
315 336
315 338
315 342
315 343
315 344
315 346
315 347
315 348
315 354
315 355
315 428
315 435
316 317
316 320
316 321
316 324
316 326
316 327
316 328
316 329
316 330
316 332
316 335
316 338
316 340
316 342
316 343
316 395
316 408
317 318
317 320
317 321
317 322
317 325
317 326
317 329
317 331
317 333
317 334
317 337
317 339
317 341
317 347
317 365
317 370
317 439
317 447
317 478
317 487
318 319
318 320
318 322
318 323
318 325
318 326
318 327
318 328
318 331
318 334
318 335
318 336
318 340
318 346
318 348
318 349
318 358
318 408
318 427
318 444
318 474
319 320
319 321
319 323
319 327
319 329
319 330
319 333
319 334
319 335
319 336
319 338
319 339
319 340
319 341
319 344
319 346
319 349
319 431
319 489
319 490
320 321
320 324
320 325
320 327
320 328
320 330
320 336
320 338
320 339
320 340
320 342
320 345
320 346
320 348
320 356
320 363
320 496
321 325
321 326
321 327
321 329
321 330
321 331
321 334
321 335
321 337
321 338
321 342
321 344
321 346
321 347
321 349
321 371
321 410
321 425
321 432
321 454
322 323
322 325
322 326
322 328
322 330
322 332
322 333
322 334
322 335
322 336
322 337
322 339
322 342
322 343
322 344
322 347
322 349
322 390
322 351
322 365
322 428
322 470
323 326
323 331
323 333
323 336
323 337
323 338
323 340
323 341
323 342
323 344
323 345
323 348
323 349
323 381
323 453
323 465
324 325
324 329
324 332
324 333
324 335
324 338
324 342
324 344
324 345
324 347
324 349
324 362
324 424
324 444
324 463
325 326
325 332
325 334
325 335
325 336
325 337
325 339
325 340
325 341
325 342
325 343
325 346
325 348
325 361
325 402
325 403
325 450
326 331
326 332
326 335
326 338
326 339
326 341
326 342
326 343
326 345
326 349
326 355
326 375
326 431
326 442
327 333
327 335
327 336
327 337
327 338
327 339
327 341
327 343
327 346
327 347
327 349
327 477
328 330
328 333
328 335
328 336
328 341
328 345
328 347
328 348
328 349
328 354
328 489
329 334
329 335
329 337
329 338
329 339
329 341
329 343
329 344
329 348
329 358
329 383
329 411
329 439
329 471
330 332
330 336
330 338
330 339
330 340
330 341
330 344
330 348
330 479
330 497
331 333
331 336
331 337
331 338
331 339
331 344
331 347
331 354
331 357
331 361
331 363
331 494
332 338
332 340
332 341
332 344
332 346
332 347
332 348
332 456
332 458
333 334
333 337
333 344
333 347
333 348
333 349
333 464
333 466
333 474
334 339
334 340
334 341
334 342
334 344
334 345
334 346
334 348
334 349
334 384
334 351
334 357
334 406
334 474
335 336
335 337
335 338
335 339
335 340
335 342
335 343
335 345
335 346
335 347
335 349
335 356
335 376
335 443
335 465
336 337
336 339
336 341
336 342
336 343
336 344
336 346
336 393
336 464
337 338
337 339
337 341
337 342
337 343
337 345
337 349
337 378
338 340
338 341
338 342
338 344
338 345
338 346
338 347
338 386
338 375
338 409
338 419
338 420
338 442
338 454
338 465
338 477
338 478
339 343
339 345
339 346
339 348
339 349
339 464
340 342
340 343
340 344
340 415
340 453
340 482
341 342
341 348
341 385
341 389
341 358
341 416
341 450
341 455
341 461
342 344
342 349
342 361
342 367
342 436
342 471
343 344
343 346
343 347
343 348
343 368
343 376
343 430
343 468
343 483
344 346
344 349
344 397
344 409
344 429
344 475
344 498
345 346
345 349
345 387
345 423
345 463
345 498
346 347
346 358
346 419
346 461
346 478
347 390
347 364
347 461
347 469
347 488
348 420
348 498
348 499
349 365
349 463
349 475
384 387
384 389
384 393
384 397
384 399
384 355
384 356
384 358
384 359
384 360
384 362
384 365
384 366
384 369
384 370
384 371
384 372
384 373
384 374
384 375
384 376
384 378
384 379
384 380
384 381
384 404
384 433
384 487
384 490
385 391
385 392
385 393
385 394
385 397
385 399
385 350
385 355
385 357
385 358
385 361
385 362
385 363
385 364
385 366
385 368
385 371
385 373
385 374
385 377
385 378
385 379
385 380
385 381
385 382
385 383
385 445
386 387
386 390
386 392
386 393
386 395
386 396
386 397
386 399
386 350
386 351
386 355
386 356
386 359
386 362
386 363
386 366
386 367
386 368
386 369
386 372
386 373
386 374
386 379
386 383
386 428
386 472
387 391
387 392
387 393
387 398
387 351
387 356
387 357
387 358
387 359
387 362
387 363
387 366
387 367
387 368
387 370
387 371
387 372
387 374
387 375
387 378
387 379
387 381
387 382
387 383
387 420
387 430
387 461
387 497
388 391
388 392
388 393
388 395
388 396
388 397
388 398
388 399
388 351
388 353
388 355
388 358
388 361
388 362
388 364
388 365
388 368
388 371
388 372
388 375
388 377
388 378
388 379
388 381
388 382
388 487
389 390
389 391
389 392
389 393
389 394
389 397
389 350
389 351
389 353
389 356
389 357
389 358
389 360
389 363
389 364
389 367
389 368
389 372
389 373
389 374
389 375
389 376
389 379
389 380
389 382
389 383
390 391
390 392
390 393
390 396
390 350
390 351
390 353
390 355
390 356
390 358
390 360
390 361
390 365
390 366
390 367
390 368
390 369
390 371
390 374
390 375
390 379
390 432
391 393
391 394
391 395
391 398
391 399
391 351
391 356
391 357
391 358
391 360
391 362
391 363
391 364
391 365
391 369
391 370
391 372
391 374
391 376
391 378
391 380
391 476
391 488
391 497
392 394
392 396
392 398
392 350
392 351
392 353
392 354
392 355
392 358
392 360
392 361
392 362
392 363
392 364
392 365
392 368
392 369
392 372
392 373
392 375
392 376
392 377
392 378
392 381
392 383
392 422
392 425
392 449
393 394
393 395
393 398
393 399
393 350
393 352
393 355
393 357
393 358
393 359
393 365
393 367
393 368
393 369
393 374
393 375
393 376
393 377
393 379
393 381
393 400
393 420
393 463
393 485
394 396
394 398
394 399
394 350
394 352
394 354
394 355
394 356
394 357
394 358
394 359
394 361
394 362
394 363
394 364
394 366
394 367
394 371
394 379
394 485
394 488
395 352
395 354
395 355
395 360
395 364
395 366
395 367
395 368
395 369
395 371
395 373
395 374
395 375
395 376
395 377
395 381
395 420
395 424
395 483
395 491
395 492
396 398
396 399
396 352
396 353
396 354
396 355
396 356
396 357
396 358
396 359
396 362
396 363
396 368
396 370
396 372
396 373
396 375
396 378
396 379
396 381
396 382
396 436
397 398
397 350
397 351
397 353
397 356
397 357
397 358
397 362
397 364
397 365
397 366
397 367
397 369
397 371
397 372
397 376
397 377
397 378
397 380
397 381
397 400
397 439
397 445
397 472
397 474
397 498
398 399
398 350
398 351
398 356
398 357
398 359
398 364
398 368
398 369
398 370
398 373
398 375
398 377
398 382
398 383
398 403
398 426
398 435
398 447
398 484
399 351
399 352
399 355
399 357
399 358
399 359
399 361
399 362
399 363
399 364
399 365
399 368
399 369
399 370
399 372
399 374
399 376
399 377
399 378
399 383
399 416
399 417
399 432
399 439
350 352
350 353
350 355
350 357
350 360
350 361
350 362
350 365
350 368
350 372
350 374
350 400
350 408
350 415
350 417
350 436
350 497
351 356
351 357
351 361
351 365
351 366
351 369
351 375
351 376
351 379
351 383
351 434
352 353
352 357
352 359
352 360
352 362
352 363
352 364
352 366
352 368
352 370
352 371
352 374
352 376
352 377
352 378
352 379
352 381
352 383
352 468
353 354
353 356
353 357
353 358
353 363
353 366
353 368
353 369
353 371
353 372
353 375
353 376
353 383
353 452
353 467
354 355
354 356
354 359
354 360
354 361
354 362
354 363
354 364
354 365
354 367
354 371
354 373
354 374
354 375
354 377
354 378
354 379
354 381
354 382
354 415
355 356
355 361
355 365
355 368
355 370
355 371
355 375
355 378
355 379
355 380
355 382
355 383
355 422
355 432
355 443
356 358
356 366
356 367
356 368
356 369
356 372
356 374
356 376
356 377
356 380
356 381
356 383
356 456
356 458
357 359
357 360
357 362
357 363
357 367
357 368
357 375
357 376
357 378
357 379
357 381
357 423
358 359
358 360
358 361
358 370
358 371
358 373
358 374
358 376
358 381
358 382
358 383
358 428
359 360
359 361
359 362
359 365
359 366
359 369
359 371
359 374
359 376
359 377
359 378
359 381
359 494
360 362
360 365
360 367
360 368
360 369
360 370
360 371
360 372
360 373
360 379
360 381
360 382
360 383
360 408
360 435
361 362
361 363
361 365
361 369
361 370
361 378
361 379
361 381
361 382
361 383
362 365
362 366
362 369
362 370
362 371
362 372
362 374
362 376
362 378
362 379
362 382
362 460
363 364
363 365
363 367
363 368
363 369
363 370
363 376
363 377
363 378
363 379
363 380
363 381
363 382
363 412
364 366
364 367
364 370
364 373
364 374
364 375
364 434
365 367
365 368
365 370
365 371
365 372
365 375
365 377
365 381
365 383
365 438
365 439
366 367
366 368
366 369
366 370
366 374
366 375
366 376
366 377
366 378
366 380
366 381
366 451
366 493
367 368
367 369
367 370
367 372
367 375
367 377
367 379
367 380
367 381
367 382
367 383
367 425
367 437
367 447
368 369
368 370
368 371
368 375
368 376
368 378
368 381
368 451
368 455
368 465
368 473
369 370
369 372
369 373
369 374
369 377
369 378
369 381
369 382
369 383
370 371
370 378
370 469
370 472
371 373
371 378
371 380
371 381
371 382
371 428
371 440
371 469
371 486
372 373
372 374
372 375
372 376
372 380
372 381
372 413
372 471
373 375
373 381
373 383
373 468
374 375
374 376
374 377
374 379
374 383
374 417
374 441
374 499
375 379
375 380
375 381
375 383
375 414
375 424
375 450
375 472
376 377
376 378
376 379
376 380
376 381
376 382
376 383
376 400
376 442
376 443
376 472
376 483
376 494
377 378
377 381
377 382
377 407
377 499
378 381
378 426
378 434
378 435
378 444
379 381
379 426
379 455
379 468
380 381
380 383
380 417
380 421
380 425
380 431
380 448
380 465
380 498
381 383
381 430
382 383
382 415
382 422
382 498
383 402
383 436
383 445
383 481
400 402
400 404
400 405
400 408
400 409
400 411
400 413
400 414
400 415
400 417
400 419
400 420
400 421
400 422
400 427
400 428
400 429
400 430
400 433
400 434
400 435
400 437
400 439
400 440
400 442
400 443
400 445
400 447
400 449
401 403
401 404
401 405
401 408
401 413
401 414
401 416
401 417
401 420
401 421
401 422
401 424
401 429
401 430
401 434
401 437
401 439
401 440
401 443
401 447
401 448
401 449
402 403
402 407
402 409
402 414
402 416
402 417
402 418
402 419
402 421
402 423
402 424
402 427
402 428
402 436
402 437
402 442
402 444
402 445
402 446
402 448
402 498
403 406
403 409
403 410
403 412
403 413
403 414
403 415
403 416
403 417
403 418
403 420
403 422
403 425
403 426
403 427
403 428
403 430
403 431
403 432
403 435
403 437
403 442
403 443
403 445
403 446
403 447
403 449
403 458
403 489
404 407
404 408
404 410
404 411
404 413
404 415
404 422
404 426
404 427
404 429
404 430
404 432
404 434
404 435
404 436
404 440
404 441
404 446
404 447
404 448
404 460
405 406
405 408
405 409
405 410
405 411
405 414
405 415
405 416
405 418
405 420
405 421
405 425
405 427
405 429
405 432
405 433
405 435
405 436
405 439
405 442
405 445
405 448
405 456
405 478
406 407
406 408
406 409
406 412
406 413
406 416
406 417
406 420
406 422
406 423
406 425
406 427
406 428
406 429
406 434
406 435
406 436
406 437
406 440
406 441
406 442
406 446
406 447
406 448
406 449
406 450
407 409
407 410
407 411
407 413
407 415
407 416
407 417
407 418
407 421
407 422
407 425
407 426
407 427
407 428
407 430
407 432
407 433
407 435
407 438
407 439
407 440
407 442
407 445
407 446
407 447
407 449
407 480
408 412
408 414
408 416
408 418
408 420
408 422
408 425
408 426
408 427
408 428
408 430
408 433
408 435
408 437
408 442
408 443
408 445
408 446
408 447
408 448
408 459
409 412
409 416
409 418
409 420
409 422
409 423
409 424
409 427
409 434
409 436
409 439
409 441
409 442
409 444
409 445
409 447
409 448
409 449
409 480
409 498
410 412
410 414
410 416
410 418
410 419
410 420
410 421
410 422
410 423
410 428
410 431
410 432
410 434
410 436
410 439
410 440
410 442
410 446
410 447
410 448
410 449
411 413
411 418
411 420
411 422
411 423
411 430
411 432
411 434
411 441
411 442
411 443
411 446
411 449
412 413
412 416
412 417
412 419
412 420
412 421
412 424
412 425
412 427
412 429
412 432
412 433
412 435
412 436
412 438
412 439
412 440
412 441
412 442
412 443
412 472
413 414
413 415
413 418
413 419
413 423
413 425
413 426
413 430
413 431
413 432
413 433
413 437
413 438
413 439
413 440
413 441
413 445
413 447
413 448
413 465
413 487
413 489
414 416
414 419
414 420
414 426
414 428
414 431
414 433
414 440
414 443
414 444
414 446
414 447
415 418
415 419
415 420
415 423
415 424
415 425
415 426
415 430
415 431
415 432
415 436
415 437
415 438
415 439
415 440
415 442
415 445
415 446
415 447
415 486
416 418
416 420
416 421
416 422
416 429
416 432
416 433
416 434
416 436
416 438
416 439
416 441
416 442
416 445
417 420
417 423
417 426
417 427
417 428
417 430
417 433
417 434
417 437
417 441
417 442
417 446
417 447
417 448
417 449
417 464
418 423
418 424
418 426
418 427
418 430
418 431
418 432
418 433
418 434
418 435
418 438
418 440
418 441
418 442
418 444
418 445
418 448
418 453
419 421
419 422
419 423
419 425
419 426
419 430
419 431
419 433
419 435
419 436
419 441
419 442
419 448
419 452
419 467
419 475
420 421
420 422
420 423
420 427
420 428
420 429
420 430
420 431
420 432
420 434
420 439
420 441
420 442
420 443
420 445
420 447
421 426
421 427
421 433
421 436
421 437
421 438
421 439
421 442
421 445
421 446
421 447
421 448
421 460
421 477
421 487
421 491
422 429
422 430
422 431
422 433
422 434
422 436
422 437
422 440
422 443
422 444
422 445
422 446
422 447
422 448
422 449
422 486
423 424
423 425
423 426
423 429
423 430
423 432
423 433
423 434
423 435
423 437
423 438
423 439
423 442
423 443
423 444
423 445
423 446
423 447
423 448
423 449
423 491
424 425
424 428
424 430
424 431
424 433
424 438
424 439
424 441
424 444
424 445
424 447
424 449
424 454
424 493
425 426
425 429
425 430
425 431
425 433
425 435
425 436
425 437
425 438
425 439
425 440
425 443
425 445
425 446
425 447
425 467
425 482
426 427
426 431
426 432
426 434
426 435
426 440
426 442
426 443
426 444
426 446
426 449
426 482
426 494
426 497
427 431
427 433
427 434
427 437
427 442
427 444
427 446
427 448
427 460
428 429
428 430
428 432
428 434
428 437
428 440
428 441
428 443
428 446
428 448
428 449
428 457
428 489
428 492
429 431
429 434
429 435
429 436
429 438
429 440
429 441
429 444
429 445
429 447
429 449
429 466
430 431
430 433
430 436
430 438
430 439
430 445
431 433
431 434
431 437
431 438
431 439
431 440
431 441
431 442
431 444
431 445
431 458
431 487
432 434
432 436
432 438
432 442
432 443
432 444
432 445
432 447
432 448
432 480
432 485
433 435
433 438
433 440
433 441
433 442
433 443
433 444
433 445
433 446
433 448
433 460
434 435
434 436
434 437
434 438
434 440
434 441
434 442
434 443
434 445
434 446
434 448
434 480
435 436
435 437
435 440
435 444
435 445
435 447
435 449
436 438
436 441
436 442
436 443
436 446
436 447
437 438
437 439
437 444
437 448
437 468
437 472
438 440
438 441
438 443
438 444
438 445
438 447
438 449
439 443
439 444
439 446
439 447
439 448
439 450
439 468
440 441
440 445
440 446
440 449
440 456
440 498
441 442
441 443
441 444
441 445
441 446
441 447
441 448
441 449
441 462
441 497
442 444
442 447
442 448
442 449
443 445
443 449
443 467
444 446
444 448
444 469
445 459
445 482
445 491
446 448
446 474
446 477
447 473
448 463
448 473
449 465
449 466
449 490
450 452
450 454
450 455
450 456
450 457
450 459
450 460
450 461
450 463
450 465
450 472
450 473
450 474
450 476
450 479
450 481
450 484
450 485
450 487
450 488
450 492
450 495
450 499
451 453
451 455
451 457
451 458
451 459
451 461
451 465
451 471
451 474
451 479
451 481
451 482
451 484
451 486
451 487
451 489
451 490
451 495
451 497
452 453
452 455
452 456
452 463
452 464
452 465
452 466
452 467
452 469
452 470
452 472
452 475
452 476
452 478
452 481
452 482
452 483
452 485
452 488
452 489
452 491
452 495
452 497
452 498
453 454
453 455
453 457
453 459
453 463
453 465
453 466
453 467
453 468
453 470
453 473
453 474
453 475
453 480
453 481
453 483
453 485
453 490
453 491
453 495
453 498
454 456
454 457
454 459
454 464
454 466
454 467
454 469
454 470
454 473
454 474
454 476
454 478
454 481
454 483
454 484
454 487
454 489
454 490
454 491
454 492
454 493
454 496
454 497
454 499
455 456
455 459
455 460
455 461
455 466
455 467
455 468
455 469
455 470
455 471
455 472
455 473
455 474
455 475
455 477
455 478
455 480
455 483
455 487
455 492
455 493
455 494
455 496
455 498
456 457
456 458
456 459
456 460
456 461
456 462
456 464
456 465
456 469
456 470
456 472
456 474
456 475
456 477
456 479
456 480
456 481
456 482
456 483
456 484
456 487
456 489
456 490
456 492
456 495
456 496
456 499
457 459
457 461
457 466
457 467
457 470
457 471
457 473
457 474
457 477
457 478
457 479
457 481
457 484
457 485
457 488
457 489
457 491
457 492
457 493
457 494
457 495
457 497
457 498
458 459
458 460
458 461
458 468
458 471
458 472
458 473
458 474
458 475
458 480
458 482
458 483
458 487
458 488
458 491
458 493
459 460
459 464
459 465
459 468
459 469
459 470
459 472
459 473
459 474
459 477
459 479
459 480
459 484
459 485
459 486
459 487
459 488
459 489
459 490
459 491
459 492
459 495
459 498
460 464
460 465
460 471
460 472
460 474
460 475
460 477
460 478
460 479
460 481
460 482
460 483
460 484
460 485
460 487
460 488
460 491
460 492
460 496
460 497
460 499
461 462
461 464
461 466
461 467
461 472
461 475
461 477
461 480
461 483
461 485
461 487
461 488
461 490
461 492
461 493
461 496
461 497
461 499
462 465
462 466
462 470
462 471
462 472
462 475
462 478
462 479
462 480
462 481
462 482
462 486
462 488
462 490
462 493
462 494
462 496
462 497
462 499
463 465
463 467
463 469
463 470
463 472
463 474
463 476
463 479
463 487
463 488
463 490
463 492
463 494
463 496
463 497
464 468
464 469
464 473
464 474
464 475
464 476
464 477
464 478
464 479
464 480
464 481
464 483
464 487
464 490
464 492
464 494
464 496
464 498
465 466
465 467
465 469
465 470
465 473
465 474
465 476
465 477
465 479
465 481
465 484
465 485
465 486
465 489
465 493
465 495
465 496
465 499
466 469
466 470
466 473
466 476
466 478
466 481
466 486
466 487
466 489
466 491
466 493
466 494
466 496
466 497
466 499
467 469
467 470
467 471
467 474
467 477
467 478
467 479
467 480
467 483
467 484
467 485
467 486
467 488
467 493
467 494
467 495
467 498
468 469
468 470
468 472
468 474
468 476
468 477
468 478
468 480
468 481
468 483
468 484
468 485
468 486
468 487
468 489
468 491
468 492
468 493
468 495
468 496
468 497
469 471
469 473
469 474
469 477
469 479
469 480
469 481
469 482
469 483
469 484
469 486
469 487
469 488
469 489
469 491
469 494
469 495
469 496
469 499
470 471
470 472
470 473
470 474
470 475
470 478
470 479
470 481
470 482
470 483
470 485
470 487
470 490
470 492
470 496
470 498
471 473
471 474
471 475
471 476
471 480
471 481
471 484
471 485
471 486
471 488
471 490
471 492
471 493
471 494
471 496
471 497
471 498
472 475
472 476
472 477
472 478
472 480
472 482
472 483
472 484
472 487
472 488
472 489
472 491
472 495
472 497
473 474
473 475
473 476
473 477
473 480
473 481
473 482
473 485
473 487
473 488
473 489
473 492
473 495
473 496
474 476
474 478
474 479
474 481
474 482
474 484
474 487
474 490
474 491
474 494
474 495
474 496
474 497
475 477
475 479
475 482
475 484
475 490
475 493
475 495
475 496
476 477
476 478
476 480
476 483
476 485
476 490
476 492
476 493
476 494
476 495
476 496
476 497
476 499
477 478
477 479
477 481
477 483
477 484
477 485
477 486
477 488
477 489
477 490
477 492
477 494
478 479
478 481
478 484
478 489
478 496
478 498
478 499
479 480
479 481
479 483
479 484
479 485
479 486
479 487
479 489
479 490
479 493
479 497
480 483
480 484
480 487
480 488
480 489
480 491
480 493
480 497
480 498
481 491
481 492
481 494
481 495
481 498
482 488
482 489
482 490
482 492
482 493
482 496
482 497
482 499
483 484
483 485
483 487
483 488
483 495
483 496
483 497
484 485
484 486
484 487
484 490
484 491
484 493
484 495
484 499
485 487
485 488
485 491
485 492
485 494
485 495
486 487
486 491
486 494
486 495
486 496
486 497
487 489
487 490
487 491
487 493
487 496
487 497
487 498
488 490
488 491
488 492
488 494
488 495
488 497
489 490
489 492
489 493
489 495
489 496
489 498
490 494
490 499
491 492
491 495
492 496
492 497
492 499
493 494
493 498
494 495
494 496
494 497
495 496
495 497
495 499
496 499
497 498
497 499
498 499
